-2.0e0 0.0e0 0.0e0 0.0e0
-1.96e0 0.0e0 0.0e0 0.0e0
-1.92e0 0.0e0 0.0e0 0.0e0
-1.88e0 0.0e0 0.0e0 0.0e0
-1.84e0 0.0e0 0.0e0 0.0e0
-1.8e0 0.0e0 0.0e0 0.0e0
-1.76e0 0.0e0 0.0e0 0.0e0
-1.72e0 0.0e0 0.0e0 0.0e0
-1.68e0 0.0e0 0.0e0 0.0e0
-1.64e0 0.0e0 0.0e0 0.0e0
-1.6e0 0.0e0 0.0e0 0.0e0
-1.56e0 0.0e0 0.0e0 0.0e0
-1.52e0 0.0e0 0.0e0 0.0e0
-1.48e0 0.0e0 0.0e0 0.0e0
-1.44e0 0.0e0 0.0e0 0.0e0
-1.4e0 0.0e0 0.0e0 0.0e0
-1.36e0 0.0e0 0.0e0 0.0e0
-1.32e0 0.0e0 0.0e0 0.0e0
-1.28e0 0.0e0 0.0e0 0.0e0
-1.24e0 0.0e0 0.0e0 0.0e0
-1.2e0 0.0e0 0.0e0 0.0e0
-1.16e0 0.0e0 0.0e0 0.0e0
-1.12e0 0.0e0 0.0e0 0.0e0
-1.08e0 0.0e0 0.0e0 0.0e0
-1.04e0 0.0e0 0.0e0 0.0e0
-1.0e0 0.0e0 0.0e0 0.0e0
-9.6e-1 0.0e0 0.0e0 0.0e0
-9.2e-1 0.0e0 0.0e0 0.0e0
-8.8e-1 0.0e0 0.0e0 0.0e0
-8.4e-1 0.0e0 0.0e0 0.0e0
-8.0e-1 0.0e0 0.0e0 0.0e0
-7.6e-1 0.0e0 0.0e0 0.0e0
-7.2e-1 0.0e0 0.0e0 0.0e0
-6.8e-1 0.0e0 0.0e0 0.0e0
-6.4e-1 0.0e0 0.0e0 0.0e0
-6.0e-1 0.0e0 0.0e0 0.0e0
-5.6e-1 0.0e0 0.0e0 0.0e0
-5.2e-1 0.0e0 0.0e0 0.0e0
-4.8e-1 0.0e0 0.0e0 0.0e0
-4.4e-1 0.0e0 0.0e0 0.0e0
-4.0e-1 0.0e0 0.0e0 0.0e0
-3.6e-1 0.0e0 0.0e0 0.0e0
-3.2e-1 0.0e0 0.0e0 0.0e0
-2.8e-1 0.0e0 0.0e0 0.0e0
-2.4e-1 0.0e0 0.0e0 0.0e0
-2.0e-1 0.0e0 0.0e0 0.0e0
-1.6e-1 0.0e0 0.0e0 0.0e0
-1.2e-1 0.0e0 0.0e0 0.0e0
-8.0e-2 0.0e0 0.0e0 0.0e0
-4.0e-2 0.0e0 0.0e0 0.0e0
0.0e0 0.0e0 0.0e0 0.0e0

-2.0e0 2.0e-2 3.4717e1 3.4717e1
-1.96e0 2.0e-2 3.4698e1 3.4698e1
-1.92e0 2.0e-2 3.468e1 3.468e1
-1.88e0 2.0e-2 3.4659e1 3.4659e1
-1.84e0 2.0e-2 3.4636e1 3.4636e1
-1.8e0 2.0e-2 3.461e1 3.461e1
-1.76e0 2.0e-2 3.4581e1 3.4581e1
-1.72e0 2.0e-2 3.455e1 3.455e1
-1.68e0 2.0e-2 3.4517e1 3.4517e1
-1.64e0 2.0e-2 3.448e1 3.448e1
-1.6e0 2.0e-2 3.444e1 3.444e1
-1.56e0 2.0e-2 3.4395e1 3.4395e1
-1.52e0 2.0e-2 3.4346e1 3.4346e1
-1.48e0 2.0e-2 3.4293e1 3.4293e1
-1.44e0 2.0e-2 3.4233e1 3.4233e1
-1.4e0 2.0e-2 3.4169e1 3.4169e1
-1.36e0 2.0e-2 3.4097e1 3.4097e1
-1.32e0 2.0e-2 3.4021e1 3.4021e1
-1.28e0 2.0e-2 3.39342e1 3.39342e1
-1.24e0 2.0e-2 3.38397e1 3.38397e1
-1.2e0 2.0e-2 3.37361e1 3.37361e1
-1.16e0 2.0e-2 3.36223e1 3.36223e1
-1.12e0 2.0e-2 3.3497e1 3.3497e1
-1.08e0 2.0e-2 3.3359e1 3.3359e1
-1.04e0 2.0e-2 3.32074e1 3.32074e1
-1.0e0 2.0e-2 3.30402e1 3.30402e1
-9.6e-1 2.0e-2 3.28568e1 3.28568e1
-9.2e-1 2.0e-2 3.26535e1 3.26535e1
-8.8e-1 2.0e-2 3.24298e1 3.24298e1
-8.4e-1 2.0e-2 3.21832e1 3.21832e1
-8.0e-1 2.0e-2 3.19118e1 3.19118e1
-7.6e-1 2.0e-2 3.16103e1 3.16103e1
-7.2e-1 2.0e-2 3.12766e1 3.12766e1
-6.8e-1 2.0e-2 3.09074e1 3.09074e1
-6.4e-1 2.0e-2 3.04997e1 3.04997e1
-6.0e-1 2.0e-2 3.00438e1 3.00438e1
-5.6e-1 2.0e-2 2.95393e1 2.95393e1
-5.2e-1 2.0e-2 2.89766e1 2.89766e1
-4.8e-1 2.0e-2 2.83488e1 2.83488e1
-4.4e-1 2.0e-2 2.76466e1 2.76466e1
-4.0e-1 2.0e-2 2.68546e1 2.68546e1
-3.6e-1 2.0e-2 2.59634e1 2.59634e1
-3.2e-1 2.0e-2 2.49532e1 2.49532e1
-2.8e-1 2.0e-2 2.37996e1 2.37996e1
-2.4e-1 2.0e-2 2.24733e1 2.24733e1
-2.0e-1 2.0e-2 2.09288e1 2.09288e1
-1.6e-1 2.0e-2 1.90997e1 1.90997e1
-1.2e-1 2.0e-2 1.68794e1 1.68794e1
-8.0e-2 2.0e-2 1.40697e1 1.40697e1
-4.0e-2 2.0e-2 1.01508e1 1.01508e1
0.0e0 2.0e-2 0.0e0 0.0e0

-2.0e0 4.0e-2 5.0108e1 5.0108e1
-1.96e0 4.0e-2 5.0082e1 5.0082e1
-1.92e0 4.0e-2 5.0053e1 5.0053e1
-1.88e0 4.0e-2 5.0021e1 5.0021e1
-1.84e0 4.0e-2 4.9986e1 4.9986e1
-1.8e0 4.0e-2 4.9948e1 4.9948e1
-1.76e0 4.0e-2 4.9905e1 4.9905e1
-1.72e0 4.0e-2 4.986e1 4.986e1
-1.68e0 4.0e-2 4.981e1 4.981e1
-1.64e0 4.0e-2 4.9754e1 4.9754e1
-1.6e0 4.0e-2 4.9693e1 4.9693e1
-1.56e0 4.0e-2 4.9626e1 4.9626e1
-1.52e0 4.0e-2 4.9553e1 4.9553e1
-1.48e0 4.0e-2 4.9472e1 4.9472e1
-1.44e0 4.0e-2 4.9384e1 4.9384e1
-1.4e0 4.0e-2 4.9287e1 4.9287e1
-1.36e0 4.0e-2 4.918e1 4.918e1
-1.32e0 4.0e-2 4.9063e1 4.9063e1
-1.28e0 4.0e-2 4.8935e1 4.8935e1
-1.24e0 4.0e-2 4.8795e1 4.8795e1
-1.2e0 4.0e-2 4.8639e1 4.8639e1
-1.16e0 4.0e-2 4.8468e1 4.8468e1
-1.12e0 4.0e-2 4.828e1 4.828e1
-1.08e0 4.0e-2 4.8074e1 4.8074e1
-1.04e0 4.0e-2 4.7849e1 4.7849e1
-1.0e0 4.0e-2 4.7598e1 4.7598e1
-9.6e-1 4.0e-2 4.7324e1 4.7324e1
-9.2e-1 4.0e-2 4.7021e1 4.7021e1
-8.8e-1 4.0e-2 4.6687e1 4.6687e1
-8.4e-1 4.0e-2 4.632e1 4.632e1
-8.0e-1 4.0e-2 4.5915e1 4.5915e1
-7.6e-1 4.0e-2 4.5468e1 4.5468e1
-7.2e-1 4.0e-2 4.4972e1 4.4972e1
-6.8e-1 4.0e-2 4.4424e1 4.4424e1
-6.4e-1 4.0e-2 4.3819e1 4.3819e1
-6.0e-1 4.0e-2 4.3144e1 4.3144e1
-5.6e-1 4.0e-2 4.2398e1 4.2398e1
-5.2e-1 4.0e-2 4.1568e1 4.1568e1
-4.8e-1 4.0e-2 4.0642e1 4.0642e1
-4.4e-1 4.0e-2 3.9609e1 3.9609e1
-4.0e-1 4.0e-2 3.8446e1 3.8446e1
-3.6e-1 4.0e-2 3.7141e1 3.7141e1
-3.2e-1 4.0e-2 3.5664e1 3.5664e1
-2.8e-1 4.0e-2 3.39832e1 3.39832e1
-2.4e-1 4.0e-2 3.2056e1 3.2056e1
-2.0e-1 4.0e-2 2.98192e1 2.98192e1
-1.6e-1 4.0e-2 2.71791e1 2.71791e1
-1.2e-1 4.0e-2 2.39873e1 2.39873e1
-8.0e-2 4.0e-2 1.99649e1 1.99649e1
-4.0e-2 4.0e-2 1.43806e1 1.43806e1
0.0e0 4.0e-2 0.0e0 0.0e0

-2.0e0 6.0e-2 6.2662e1 6.2662e1
-1.96e0 6.0e-2 6.2628e1 6.2628e1
-1.92e0 6.0e-2 6.259e1 6.259e1
-1.88e0 6.0e-2 6.2549e1 6.2549e1
-1.84e0 6.0e-2 6.2503e1 6.2503e1
-1.8e0 6.0e-2 6.2453e1 6.2453e1
-1.76e0 6.0e-2 6.24e1 6.24e1
-1.72e0 6.0e-2 6.234e1 6.234e1
-1.68e0 6.0e-2 6.2273e1 6.2273e1
-1.64e0 6.0e-2 6.2201e1 6.2201e1
-1.6e0 6.0e-2 6.2122e1 6.2122e1
-1.56e0 6.0e-2 6.2036e1 6.2036e1
-1.52e0 6.0e-2 6.194e1 6.194e1
-1.48e0 6.0e-2 6.1835e1 6.1835e1
-1.44e0 6.0e-2 6.172e1 6.172e1
-1.4e0 6.0e-2 6.1595e1 6.1595e1
-1.36e0 6.0e-2 6.1456e1 6.1456e1
-1.32e0 6.0e-2 6.1304e1 6.1304e1
-1.28e0 6.0e-2 6.1137e1 6.1137e1
-1.24e0 6.0e-2 6.0954e1 6.0954e1
-1.2e0 6.0e-2 6.0753e1 6.0753e1
-1.16e0 6.0e-2 6.0532e1 6.0532e1
-1.12e0 6.0e-2 6.0289e1 6.0289e1
-1.08e0 6.0e-2 6.0022e1 6.0022e1
-1.04e0 6.0e-2 5.9727e1 5.9727e1
-1.0e0 6.0e-2 5.9406e1 5.9406e1
-9.6e-1 6.0e-2 5.905e1 5.905e1
-9.2e-1 6.0e-2 5.866e1 5.866e1
-8.8e-1 6.0e-2 5.8228e1 5.8228e1
-8.4e-1 6.0e-2 5.7753e1 5.7753e1
-8.0e-1 6.0e-2 5.7233e1 5.7233e1
-7.6e-1 6.0e-2 5.6654e1 5.6654e1
-7.2e-1 6.0e-2 5.6017e1 5.6017e1
-6.8e-1 6.0e-2 5.5312e1 5.5312e1
-6.4e-1 6.0e-2 5.4535e1 5.4535e1
-6.0e-1 6.0e-2 5.367e1 5.367e1
-5.6e-1 6.0e-2 5.2715e1 5.2715e1
-5.2e-1 6.0e-2 5.1651e1 5.1651e1
-4.8e-1 6.0e-2 5.047e1 5.047e1
-4.4e-1 6.0e-2 4.9155e1 4.9155e1
-4.0e-1 6.0e-2 4.7675e1 4.7675e1
-3.6e-1 6.0e-2 4.6019e1 4.6019e1
-3.2e-1 6.0e-2 4.415e1 4.415e1
-2.8e-1 6.0e-2 4.2027e1 4.2027e1
-2.4e-1 6.0e-2 3.9603e1 3.9603e1
-2.0e-1 6.0e-2 3.6797e1 3.6797e1
-1.6e-1 6.0e-2 3.34966e1 3.34966e1
-1.2e-1 6.0e-2 2.95216e1 2.95216e1
-8.0e-2 6.0e-2 2.45346e1 2.45346e1
-4.0e-2 6.0e-2 1.76437e1 1.76437e1
0.0e0 6.0e-2 0.0e0 0.0e0

-2.0e0 8.0e-2 7.3912e1 7.3912e1
-1.96e0 8.0e-2 7.387e1 7.387e1
-1.92e0 8.0e-2 7.3824e1 7.3824e1
-1.88e0 8.0e-2 7.3773e1 7.3773e1
-1.84e0 8.0e-2 7.3717e1 7.3717e1
-1.8e0 8.0e-2 7.3656e1 7.3656e1
-1.76e0 8.0e-2 7.3589e1 7.3589e1
-1.72e0 8.0e-2 7.3515e1 7.3515e1
-1.68e0 8.0e-2 7.3434e1 7.3434e1
-1.64e0 8.0e-2 7.3346e1 7.3346e1
-1.6e0 8.0e-2 7.325e1 7.325e1
-1.56e0 8.0e-2 7.3143e1 7.3143e1
-1.52e0 8.0e-2 7.3026e1 7.3026e1
-1.48e0 8.0e-2 7.2897e1 7.2897e1
-1.44e0 8.0e-2 7.2757e1 7.2757e1
-1.4e0 8.0e-2 7.2603e1 7.2603e1
-1.36e0 8.0e-2 7.2433e1 7.2433e1
-1.32e0 8.0e-2 7.2247e1 7.2247e1
-1.28e0 8.0e-2 7.2043e1 7.2043e1
-1.24e0 8.0e-2 7.1819e1 7.1819e1
-1.2e0 8.0e-2 7.1573e1 7.1573e1
-1.16e0 8.0e-2 7.1303e1 7.1303e1
-1.12e0 8.0e-2 7.1005e1 7.1005e1
-1.08e0 8.0e-2 7.0679e1 7.0679e1
-1.04e0 8.0e-2 7.032e1 7.032e1
-1.0e0 8.0e-2 6.9925e1 6.9925e1
-9.6e-1 8.0e-2 6.9493e1 6.9493e1
-9.2e-1 8.0e-2 6.9016e1 6.9016e1
-8.8e-1 8.0e-2 6.849e1 6.849e1
-8.4e-1 8.0e-2 6.7914e1 6.7914e1
-8.0e-1 8.0e-2 6.7279e1 6.7279e1
-7.6e-1 8.0e-2 6.6576e1 6.6576e1
-7.2e-1 8.0e-2 6.5802e1 6.5802e1
-6.8e-1 8.0e-2 6.4948e1 6.4948e1
-6.4e-1 8.0e-2 6.4006e1 6.4006e1
-6.0e-1 8.0e-2 6.296e1 6.296e1
-5.6e-1 8.0e-2 6.1806e1 6.1806e1
-5.2e-1 8.0e-2 6.0524e1 6.0524e1
-4.8e-1 8.0e-2 5.9102e1 5.9102e1
-4.4e-1 8.0e-2 5.752e1 5.752e1
-4.0e-1 8.0e-2 5.5746e1 5.5746e1
-3.6e-1 8.0e-2 5.3764e1 5.3764e1
-3.2e-1 8.0e-2 5.1535e1 5.1535e1
-2.8e-1 8.0e-2 4.9008e1 4.9008e1
-2.4e-1 8.0e-2 4.613e1 4.613e1
-2.0e-1 8.0e-2 4.2812e1 4.2812e1
-1.6e-1 8.0e-2 3.8922e1 3.8922e1
-1.2e-1 8.0e-2 3.4256e1 3.4256e1
-8.0e-2 8.0e-2 2.84267e1 2.84267e1
-4.0e-2 8.0e-2 2.04092e1 2.04092e1
0.0e0 8.0e-2 0.0e0 0.0e0

-2.0e0 1.0e-1 8.4453e1 8.4453e1
-1.96e0 1.0e-1 8.4402e1 8.4402e1
-1.92e0 1.0e-1 8.4346e1 8.4346e1
-1.88e0 1.0e-1 8.4286e1 8.4286e1
-1.84e0 1.0e-1 8.4221e1 8.4221e1
-1.8e0 1.0e-1 8.4148e1 8.4148e1
-1.76e0 1.0e-1 8.4068e1 8.4068e1
-1.72e0 1.0e-1 8.3981e1 8.3981e1
-1.68e0 1.0e-1 8.3885e1 8.3885e1
-1.64e0 1.0e-1 8.378e1 8.378e1
-1.6e0 1.0e-1 8.3664e1 8.3664e1
-1.56e0 1.0e-1 8.3537e1 8.3537e1
-1.52e0 1.0e-1 8.34e1 8.34e1
-1.48e0 1.0e-1 8.3247e1 8.3247e1
-1.44e0 1.0e-1 8.3081e1 8.3081e1
-1.4e0 1.0e-1 8.2896e1 8.2896e1
-1.36e0 1.0e-1 8.2695e1 8.2695e1
-1.32e0 1.0e-1 8.2475e1 8.2475e1
-1.28e0 1.0e-1 8.2233e1 8.2233e1
-1.24e0 1.0e-1 8.1967e1 8.1967e1
-1.2e0 1.0e-1 8.1676e1 8.1676e1
-1.16e0 1.0e-1 8.1355e1 8.1355e1
-1.12e0 1.0e-1 8.1003e1 8.1003e1
-1.08e0 1.0e-1 8.0617e1 8.0617e1
-1.04e0 1.0e-1 8.0191e1 8.0191e1
-1.0e0 1.0e-1 7.9726e1 7.9726e1
-9.6e-1 1.0e-1 7.9214e1 7.9214e1
-9.2e-1 1.0e-1 7.865e1 7.865e1
-8.8e-1 1.0e-1 7.803e1 7.803e1
-8.4e-1 1.0e-1 7.735e1 7.735e1
-8.0e-1 1.0e-1 7.6602e1 7.6602e1
-7.6e-1 1.0e-1 7.5777e1 7.5777e1
-7.2e-1 1.0e-1 7.4864e1 7.4864e1
-6.8e-1 1.0e-1 7.386e1 7.386e1
-6.4e-1 1.0e-1 7.2757e1 7.2757e1
-6.0e-1 1.0e-1 7.153e1 7.153e1
-5.6e-1 1.0e-1 7.018e1 7.018e1
-5.2e-1 1.0e-1 6.8683e1 6.8683e1
-4.8e-1 1.0e-1 6.7024e1 6.7024e1
-4.4e-1 1.0e-1 6.5184e1 6.5184e1
-4.0e-1 1.0e-1 6.3124e1 6.3124e1
-3.6e-1 1.0e-1 6.0829e1 6.0829e1
-3.2e-1 1.0e-1 5.8252e1 5.8252e1
-2.8e-1 1.0e-1 5.534e1 5.534e1
-2.4e-1 1.0e-1 5.2032e1 5.2032e1
-2.0e-1 1.0e-1 4.8232e1 4.8232e1
-1.6e-1 1.0e-1 4.3794e1 4.3794e1
-1.2e-1 1.0e-1 3.8489e1 3.8489e1
-8.0e-2 1.0e-1 3.18907e1 3.18907e1
-4.0e-2 1.0e-1 2.28587e1 2.28587e1
0.0e0 1.0e-1 0.0e0 0.0e0

-2.0e0 1.2e-1 9.4594e1 9.4594e1
-1.96e0 1.2e-1 9.4534e1 9.4534e1
-1.92e0 1.2e-1 9.447e1 9.447e1
-1.88e0 1.2e-1 9.441e1 9.441e1
-1.84e0 1.2e-1 9.4322e1 9.4322e1
-1.8e0 1.2e-1 9.4238e1 9.4238e1
-1.76e0 1.2e-1 9.4145e1 9.4145e1
-1.72e0 1.2e-1 9.4043e1 9.4043e1
-1.68e0 1.2e-1 9.3932e1 9.3932e1
-1.64e0 1.2e-1 9.381e1 9.381e1
-1.6e0 1.2e-1 9.3675e1 9.3675e1
-1.56e0 1.2e-1 9.3527e1 9.3527e1
-1.52e0 1.2e-1 9.3365e1 9.3365e1
-1.48e0 1.2e-1 9.3188e1 9.3188e1
-1.44e0 1.2e-1 9.2995e1 9.2995e1
-1.4e0 1.2e-1 9.2781e1 9.2781e1
-1.36e0 1.2e-1 9.2548e1 9.2548e1
-1.32e0 1.2e-1 9.229e1 9.229e1
-1.28e0 1.2e-1 9.2009e1 9.2009e1
-1.24e0 1.2e-1 9.17e1 9.17e1
-1.2e0 1.2e-1 9.136e1 9.136e1
-1.16e0 1.2e-1 9.0988e1 9.0988e1
-1.12e0 1.2e-1 9.058e1 9.058e1
-1.08e0 1.2e-1 9.0132e1 9.0132e1
-1.04e0 1.2e-1 8.964e1 8.964e1
-1.0e0 1.2e-1 8.9099e1 8.9099e1
-9.6e-1 1.2e-1 8.8507e1 8.8507e1
-9.2e-1 1.2e-1 8.7852e1 8.7852e1
-8.8e-1 1.2e-1 8.7137e1 8.7137e1
-8.4e-1 1.2e-1 8.635e1 8.635e1
-8.0e-1 1.2e-1 8.5486e1 8.5486e1
-7.6e-1 1.2e-1 8.453e1 8.453e1
-7.2e-1 1.2e-1 8.3481e1 8.3481e1
-6.8e-1 1.2e-1 8.2324e1 8.2324e1
-6.4e-1 1.2e-1 8.1055e1 8.1055e1
-6.0e-1 1.2e-1 7.9646e1 7.9646e1
-5.6e-1 1.2e-1 7.8098e1 7.8098e1
-5.2e-1 1.2e-1 7.6384e1 7.6384e1
-4.8e-1 1.2e-1 7.449e1 7.449e1
-4.4e-1 1.2e-1 7.239e1 7.239e1
-4.0e-1 1.2e-1 7.0047e1 7.0047e1
-3.6e-1 1.2e-1 6.7441e1 6.7441e1
-3.2e-1 1.2e-1 6.4522e1 6.4522e1
-2.8e-1 1.2e-1 6.1234e1 6.1234e1
-2.4e-1 1.2e-1 5.7509e1 5.7509e1
-2.0e-1 1.2e-1 5.3244e1 5.3244e1
-1.6e-1 1.2e-1 4.828e1 4.828e1
-1.2e-1 1.2e-1 4.2372e1 4.2372e1
-8.0e-2 1.2e-1 3.5054e1 3.5054e1
-4.0e-2 1.2e-1 2.50845e1 2.50845e1
0.0e0 1.2e-1 0.0e0 0.0e0

-2.0e0 1.4e-1 1.04521e2 1.04521e2
-1.96e0 1.4e-1 1.04453e2 1.04453e2
-1.92e0 1.4e-1 1.0438e2 1.0438e2
-1.88e0 1.4e-1 1.04298e2 1.04298e2
-1.84e0 1.4e-1 1.0421e2 1.0421e2
-1.8e0 1.4e-1 1.04112e2 1.04112e2
-1.76e0 1.4e-1 1.04005e2 1.04005e2
-1.72e0 1.4e-1 1.03888e2 1.03888e2
-1.68e0 1.4e-1 1.0376e2 1.0376e2
-1.64e0 1.4e-1 1.0362e2 1.0362e2
-1.6e0 1.4e-1 1.03465e2 1.03465e2
-1.56e0 1.4e-1 1.03296e2 1.03296e2
-1.52e0 1.4e-1 1.0311e2 1.0311e2
-1.48e0 1.4e-1 1.02907e2 1.02907e2
-1.44e0 1.4e-1 1.02682e2 1.02682e2
-1.4e0 1.4e-1 1.02438e2 1.02438e2
-1.36e0 1.4e-1 1.0217e2 1.0217e2
-1.32e0 1.4e-1 1.01875e2 1.01875e2
-1.28e0 1.4e-1 1.01552e2 1.01552e2
-1.24e0 1.4e-1 1.01198e2 1.01198e2
-1.2e0 1.4e-1 1.00809e2 1.00809e2
-1.16e0 1.4e-1 1.00383e2 1.00383e2
-1.12e0 1.4e-1 9.9916e1 9.9916e1
-1.08e0 1.4e-1 9.9402e1 9.9402e1
-1.04e0 1.4e-1 9.8839e1 9.8839e1
-1.0e0 1.4e-1 9.822e1 9.822e1
-9.6e-1 1.4e-1 9.7543e1 9.7543e1
-9.2e-1 1.4e-1 9.6797e1 9.6797e1
-8.8e-1 1.4e-1 9.5978e1 9.5978e1
-8.4e-1 1.4e-1 9.508e1 9.508e1
-8.0e-1 1.4e-1 9.4098e1 9.4098e1
-7.6e-1 1.4e-1 9.3011e1 9.3011e1
-7.2e-1 1.4e-1 9.1817e1 9.1817e1
-6.8e-1 1.4e-1 9.0504e1 9.0504e1
-6.4e-1 1.4e-1 8.9064e1 8.9064e1
-6.0e-1 1.4e-1 8.7468e1 8.7468e1
-5.6e-1 1.4e-1 8.5718e1 8.5718e1
-5.2e-1 1.4e-1 8.3781e1 8.3781e1
-4.8e-1 1.4e-1 8.1645e1 8.1645e1
-4.4e-1 1.4e-1 7.9285e1 7.9285e1
-4.0e-1 1.4e-1 7.6654e1 7.6654e1
-3.6e-1 1.4e-1 7.3735e1 7.3735e1
-3.2e-1 1.4e-1 7.0474e1 7.0474e1
-2.8e-1 1.4e-1 6.6812e1 6.6812e1
-2.4e-1 1.4e-1 6.2677e1 6.2677e1
-2.0e-1 1.4e-1 5.7957e1 5.7957e1
-1.6e-1 1.4e-1 5.2484e1 5.2484e1
-1.2e-1 1.4e-1 4.5996e1 4.5996e1
-8.0e-2 1.4e-1 3.7993e1 3.7993e1
-4.0e-2 1.4e-1 2.71425e1 2.71425e1
0.0e0 1.4e-1 0.0e0 0.0e0

-2.0e0 1.6e-1 1.14366e2 1.14366e2
-1.96e0 1.6e-1 1.1429e2 1.1429e2
-1.92e0 1.6e-1 1.14204e2 1.14204e2
-1.88e0 1.6e-1 1.14113e2 1.14113e2
-1.84e0 1.6e-1 1.14012e2 1.14012e2
-1.8e0 1.6e-1 1.139e2 1.139e2
-1.76e0 1.6e-1 1.13779e2 1.13779e2
-1.72e0 1.6e-1 1.13646e2 1.13646e2
-1.68e0 1.6e-1 1.135e2 1.135e2
-1.64e0 1.6e-1 1.13339e2 1.13339e2
-1.6e0 1.6e-1 1.13164e2 1.13164e2
-1.56e0 1.6e-1 1.12971e2 1.12971e2
-1.52e0 1.6e-1 1.1276e2 1.1276e2
-1.48e0 1.6e-1 1.12527e2 1.12527e2
-1.44e0 1.6e-1 1.12274e2 1.12274e2
-1.4e0 1.6e-1 1.11996e2 1.11996e2
-1.36e0 1.6e-1 1.11691e2 1.11691e2
-1.32e0 1.6e-1 1.11356e2 1.11356e2
-1.28e0 1.6e-1 1.10988e2 1.10988e2
-1.24e0 1.6e-1 1.10587e2 1.10587e2
-1.2e0 1.6e-1 1.10144e2 1.10144e2
-1.16e0 1.6e-1 1.0966e2 1.0966e2
-1.12e0 1.6e-1 1.09131e2 1.09131e2
-1.08e0 1.6e-1 1.08548e2 1.08548e2
-1.04e0 1.6e-1 1.0791e2 1.0791e2
-1.0e0 1.6e-1 1.0721e2 1.0721e2
-9.6e-1 1.6e-1 1.06444e2 1.06444e2
-9.2e-1 1.6e-1 1.05598e2 1.05598e2
-8.8e-1 1.6e-1 1.04674e2 1.04674e2
-8.4e-1 1.6e-1 1.0366e2 1.0366e2
-8.0e-1 1.6e-1 1.02551e2 1.02551e2
-7.6e-1 1.6e-1 1.01326e2 1.01326e2
-7.2e-1 1.6e-1 9.9982e1 9.9982e1
-6.8e-1 1.6e-1 9.8506e1 9.8506e1
-6.4e-1 1.6e-1 9.6889e1 9.6889e1
-6.0e-1 1.6e-1 9.5097e1 9.5097e1
-5.6e-1 1.6e-1 9.3137e1 9.3137e1
-5.2e-1 1.6e-1 9.0974e1 9.0974e1
-4.8e-1 1.6e-1 8.8591e1 8.8591e1
-4.4e-1 1.6e-1 8.5962e1 8.5962e1
-4.0e-1 1.6e-1 8.3037e1 8.3037e1
-3.6e-1 1.6e-1 7.9802e1 7.9802e1
-3.2e-1 1.6e-1 7.6198e1 7.6198e1
-2.8e-1 1.6e-1 7.2159e1 7.2159e1
-2.4e-1 1.6e-1 6.7615e1 6.7615e1
-2.0e-1 1.6e-1 6.2444e1 6.2444e1
-1.6e-1 1.6e-1 5.6471e1 5.6471e1
-1.2e-1 1.6e-1 4.9419e1 4.9419e1
-8.0e-2 1.6e-1 4.0758e1 4.0758e1
-4.0e-2 1.6e-1 2.90681e1 2.90681e1
0.0e0 1.6e-1 0.0e0 0.0e0

-2.0e0 1.8e-1 1.24226e2 1.24226e2
-1.96e0 1.8e-1 1.2414e2 1.2414e2
-1.92e0 1.8e-1 1.24045e2 1.24045e2
-1.88e0 1.8e-1 1.2394e2 1.2394e2
-1.84e0 1.8e-1 1.23825e2 1.23825e2
-1.8e0 1.8e-1 1.237e2 1.237e2
-1.76e0 1.8e-1 1.23563e2 1.23563e2
-1.72e0 1.8e-1 1.23412e2 1.23412e2
-1.68e0 1.8e-1 1.23247e2 1.23247e2
-1.64e0 1.8e-1 1.23065e2 1.23065e2
-1.6e0 1.8e-1 1.22867e2 1.22867e2
-1.56e0 1.8e-1 1.22649e2 1.22649e2
-1.52e0 1.8e-1 1.2241e2 1.2241e2
-1.48e0 1.8e-1 1.2215e2 1.2215e2
-1.44e0 1.8e-1 1.21863e2 1.21863e2
-1.4e0 1.8e-1 1.21548e2 1.21548e2
-1.36e0 1.8e-1 1.21204e2 1.21204e2
-1.32e0 1.8e-1 1.20825e2 1.20825e2
-1.28e0 1.8e-1 1.20412e2 1.20412e2
-1.24e0 1.8e-1 1.19957e2 1.19957e2
-1.2e0 1.8e-1 1.1946e2 1.1946e2
-1.16e0 1.8e-1 1.18915e2 1.18915e2
-1.12e0 1.8e-1 1.18317e2 1.18317e2
-1.08e0 1.8e-1 1.1766e2 1.1766e2
-1.04e0 1.8e-1 1.16943e2 1.16943e2
-1.0e0 1.8e-1 1.16154e2 1.16154e2
-9.6e-1 1.8e-1 1.15294e2 1.15294e2
-9.2e-1 1.8e-1 1.14346e2 1.14346e2
-8.8e-1 1.8e-1 1.13309e2 1.13309e2
-8.4e-1 1.8e-1 1.12172e2 1.12172e2
-8.0e-1 1.8e-1 1.10928e2 1.10928e2
-7.6e-1 1.8e-1 1.0956e2 1.0956e2
-7.2e-1 1.8e-1 1.08057e2 1.08057e2
-6.8e-1 1.8e-1 1.06409e2 1.06409e2
-6.4e-1 1.8e-1 1.04605e2 1.04605e2
-6.0e-1 1.8e-1 1.02612e2 1.02612e2
-5.6e-1 1.8e-1 1.00433e2 1.00433e2
-5.2e-1 1.8e-1 9.8033e1 9.8033e1
-4.8e-1 1.8e-1 9.5395e1 9.5395e1
-4.4e-1 1.8e-1 9.2488e1 9.2488e1
-4.0e-1 1.8e-1 8.9265e1 8.9265e1
-3.6e-1 1.8e-1 8.5706e1 8.5706e1
-3.2e-1 1.8e-1 8.1749e1 8.1749e1
-2.8e-1 1.8e-1 7.7332e1 7.7332e1
-2.4e-1 1.8e-1 7.2375e1 7.2375e1
-2.0e-1 1.8e-1 6.6756e1 6.6756e1
-1.6e-1 1.8e-1 6.0287e1 6.0287e1
-1.2e-1 1.8e-1 5.2681e1 5.2681e1
-8.0e-2 1.8e-1 4.3379e1 4.3379e1
-4.0e-2 1.8e-1 3.08865e1 3.08865e1
0.0e0 1.8e-1 0.0e0 0.0e0

-2.0e0 2.0e-1 1.34178e2 1.34178e2
-1.96e0 2.0e-1 1.3408e2 1.3408e2
-1.92e0 2.0e-1 1.33974e2 1.33974e2
-1.88e0 2.0e-1 1.33856e2 1.33856e2
-1.84e0 2.0e-1 1.33728e2 1.33728e2
-1.8e0 2.0e-1 1.33586e2 1.33586e2
-1.76e0 2.0e-1 1.33432e2 1.33432e2
-1.72e0 2.0e-1 1.33263e2 1.33263e2
-1.68e0 2.0e-1 1.33076e2 1.33076e2
-1.64e0 2.0e-1 1.32872e2 1.32872e2
-1.6e0 2.0e-1 1.32649e2 1.32649e2
-1.56e0 2.0e-1 1.32405e2 1.32405e2
-1.52e0 2.0e-1 1.32137e2 1.32137e2
-1.48e0 2.0e-1 1.31842e2 1.31842e2
-1.44e0 2.0e-1 1.3152e2 1.3152e2
-1.4e0 2.0e-1 1.31168e2 1.31168e2
-1.36e0 2.0e-1 1.3078e2 1.3078e2
-1.32e0 2.0e-1 1.30357e2 1.30357e2
-1.28e0 2.0e-1 1.29892e2 1.29892e2
-1.24e0 2.0e-1 1.29384e2 1.29384e2
-1.2e0 2.0e-1 1.28824e2 1.28824e2
-1.16e0 2.0e-1 1.28214e2 1.28214e2
-1.12e0 2.0e-1 1.27544e2 1.27544e2
-1.08e0 2.0e-1 1.2681e2 1.2681e2
-1.04e0 2.0e-1 1.26007e2 1.26007e2
-1.0e0 2.0e-1 1.25125e2 1.25125e2
-9.6e-1 2.0e-1 1.24164e2 1.24164e2
-9.2e-1 2.0e-1 1.23105e2 1.23105e2
-8.8e-1 2.0e-1 1.21947e2 1.21947e2
-8.4e-1 2.0e-1 1.2068e2 1.2068e2
-8.0e-1 2.0e-1 1.19296e2 1.19296e2
-7.6e-1 2.0e-1 1.17772e2 1.17772e2
-7.2e-1 2.0e-1 1.16101e2 1.16101e2
-6.8e-1 2.0e-1 1.14273e2 1.14273e2
-6.4e-1 2.0e-1 1.12274e2 1.12274e2
-6.0e-1 2.0e-1 1.10068e2 1.10068e2
-5.6e-1 2.0e-1 1.0766e2 1.0766e2
-5.2e-1 2.0e-1 1.05013e2 1.05013e2
-4.8e-1 2.0e-1 1.02107e2 1.02107e2
-4.4e-1 2.0e-1 9.8915e1 9.8915e1
-4.0e-1 2.0e-1 9.5381e1 9.5381e1
-3.6e-1 2.0e-1 9.1489e1 9.1489e1
-3.2e-1 2.0e-1 8.7175e1 8.7175e1
-2.8e-1 2.0e-1 8.2372e1 8.2372e1
-2.4e-1 2.0e-1 7.6999e1 7.6999e1
-2.0e-1 2.0e-1 7.0927e1 7.0927e1
-1.6e-1 2.0e-1 6.3966e1 6.3966e1
-1.2e-1 2.0e-1 5.5812e1 5.5812e1
-8.0e-2 2.0e-1 4.5885e1 4.5885e1
-4.0e-2 2.0e-1 3.26155e1 3.26155e1
0.0e0 2.0e-1 0.0e0 0.0e0

-2.0e0 2.2e-1 1.4429e2 1.4429e2
-1.96e0 2.2e-1 1.4418e2 1.4418e2
-1.92e0 2.2e-1 1.4406e2 1.4406e2
-1.88e0 2.2e-1 1.43929e2 1.43929e2
-1.84e0 2.2e-1 1.43785e2 1.43785e2
-1.8e0 2.2e-1 1.43626e2 1.43626e2
-1.76e0 2.2e-1 1.43454e2 1.43454e2
-1.72e0 2.2e-1 1.43263e2 1.43263e2
-1.68e0 2.2e-1 1.43056e2 1.43056e2
-1.64e0 2.2e-1 1.42828e2 1.42828e2
-1.6e0 2.2e-1 1.42578e2 1.42578e2
-1.56e0 2.2e-1 1.42303e2 1.42303e2
-1.52e0 2.2e-1 1.42003e2 1.42003e2
-1.48e0 2.2e-1 1.41675e2 1.41675e2
-1.44e0 2.2e-1 1.41315e2 1.41315e2
-1.4e0 2.2e-1 1.40918e2 1.40918e2
-1.36e0 2.2e-1 1.40486e2 1.40486e2
-1.32e0 2.2e-1 1.40013e2 1.40013e2
-1.28e0 2.2e-1 1.39493e2 1.39493e2
-1.24e0 2.2e-1 1.38925e2 1.38925e2
-1.2e0 2.2e-1 1.38301e2 1.38301e2
-1.16e0 2.2e-1 1.3762e2 1.3762e2
-1.12e0 2.2e-1 1.36873e2 1.36873e2
-1.08e0 2.2e-1 1.36055e2 1.36055e2
-1.04e0 2.2e-1 1.3516e2 1.3516e2
-1.0e0 2.2e-1 1.34178e2 1.34178e2
-9.6e-1 2.2e-1 1.33109e2 1.33109e2
-9.2e-1 2.2e-1 1.3193e2 1.3193e2
-8.8e-1 2.2e-1 1.30644e2 1.30644e2
-8.4e-1 2.2e-1 1.29239e2 1.29239e2
-8.0e-1 2.2e-1 1.27702e2 1.27702e2
-7.6e-1 2.2e-1 1.26015e2 1.26015e2
-7.2e-1 2.2e-1 1.24167e2 1.24167e2
-6.8e-1 2.2e-1 1.22145e2 1.22145e2
-6.4e-1 2.2e-1 1.1994e2 1.1994e2
-6.0e-1 2.2e-1 1.17511e2 1.17511e2
-5.6e-1 2.2e-1 1.1486e2 1.1486e2
-5.2e-1 2.2e-1 1.11955e2 1.11955e2
-4.8e-1 2.2e-1 1.0877e2 1.0877e2
-4.4e-1 2.2e-1 1.0528e2 1.0528e2
-4.0e-1 2.2e-1 1.01424e2 1.01424e2
-3.6e-1 2.2e-1 9.7188e1 9.7188e1
-3.2e-1 2.2e-1 9.2508e1 9.2508e1
-2.8e-1 2.2e-1 8.731e1 8.731e1
-2.4e-1 2.2e-1 8.1514e1 8.1514e1
-2.0e-1 2.2e-1 7.4988e1 7.4988e1
-1.6e-1 2.2e-1 6.7532e1 6.7532e1
-1.2e-1 2.2e-1 5.8835e1 5.8835e1
-8.0e-2 2.2e-1 4.8293e1 4.8293e1
-4.0e-2 2.2e-1 3.4268e1 3.4268e1
0.0e0 2.2e-1 0.0e0 0.0e0

-2.0e0 2.4e-1 1.5462e2 1.5462e2
-1.96e0 2.4e-1 1.54497e2 1.54497e2
-1.92e0 2.4e-1 1.54362e2 1.54362e2
-1.88e0 2.4e-1 1.54216e2 1.54216e2
-1.84e0 2.4e-1 1.54056e2 1.54056e2
-1.8e0 2.4e-1 1.53879e2 1.53879e2
-1.76e0 2.4e-1 1.53685e2 1.53685e2
-1.72e0 2.4e-1 1.53473e2 1.53473e2
-1.68e0 2.4e-1 1.53241e2 1.53241e2
-1.64e0 2.4e-1 1.52986e2 1.52986e2
-1.6e0 2.4e-1 1.52708e2 1.52708e2
-1.56e0 2.4e-1 1.52402e2 1.52402e2
-1.52e0 2.4e-1 1.52068e2 1.52068e2
-1.48e0 2.4e-1 1.517e2 1.517e2
-1.44e0 2.4e-1 1.51299e2 1.51299e2
-1.4e0 2.4e-1 1.50859e2 1.50859e2
-1.36e0 2.4e-1 1.50377e2 1.50377e2
-1.32e0 2.4e-1 1.49847e2 1.49847e2
-1.28e0 2.4e-1 1.4927e2 1.4927e2
-1.24e0 2.4e-1 1.48637e2 1.48637e2
-1.2e0 2.4e-1 1.47943e2 1.47943e2
-1.16e0 2.4e-1 1.47185e2 1.47185e2
-1.12e0 2.4e-1 1.46355e2 1.46355e2
-1.08e0 2.4e-1 1.45445e2 1.45445e2
-1.04e0 2.4e-1 1.4445e2 1.4445e2
-1.0e0 2.4e-1 1.43362e2 1.43362e2
-9.6e-1 2.4e-1 1.42175e2 1.42175e2
-9.2e-1 2.4e-1 1.4087e2 1.4087e2
-8.8e-1 2.4e-1 1.39447e2 1.39447e2
-8.4e-1 2.4e-1 1.37892e2 1.37892e2
-8.0e-1 2.4e-1 1.36194e2 1.36194e2
-7.6e-1 2.4e-1 1.3433e2 1.3433e2
-7.2e-1 2.4e-1 1.32294e2 1.32294e2
-6.8e-1 2.4e-1 1.30069e2 1.30069e2
-6.4e-1 2.4e-1 1.27644e2 1.27644e2
-6.0e-1 2.4e-1 1.24976e2 1.24976e2
-5.6e-1 2.4e-1 1.22073e2 1.22073e2
-5.2e-1 2.4e-1 1.18893e2 1.18893e2
-4.8e-1 2.4e-1 1.15417e2 1.15417e2
-4.4e-1 2.4e-1 1.11613e2 1.11613e2
-4.0e-1 2.4e-1 1.07423e2 1.07423e2
-3.6e-1 2.4e-1 1.02832e2 1.02832e2
-3.2e-1 2.4e-1 9.7772e1 9.7772e1
-2.8e-1 2.4e-1 9.217e1 9.217e1
-2.4e-1 2.4e-1 8.5944e1 8.5944e1
-2.0e-1 2.4e-1 7.8955e1 7.8955e1
-1.6e-1 2.4e-1 7.1004e1 7.1004e1
-1.2e-1 2.4e-1 6.1765e1 6.1765e1
-8.0e-2 2.4e-1 5.0616e1 5.0616e1
-4.0e-2 2.4e-1 3.5857e1 3.5857e1
0.0e0 2.4e-1 0.0e0 0.0e0

-2.0e0 2.6e-1 1.65224e2 1.65224e2
-1.96e0 2.6e-1 1.65088e2 1.65088e2
-1.92e0 2.6e-1 1.64938e2 1.64938e2
-1.88e0 2.6e-1 1.64775e2 1.64775e2
-1.84e0 2.6e-1 1.64595e2 1.64595e2
-1.8e0 2.6e-1 1.64398e2 1.64398e2
-1.76e0 2.6e-1 1.64183e2 1.64183e2
-1.72e0 2.6e-1 1.63947e2 1.63947e2
-1.68e0 2.6e-1 1.63689e2 1.63689e2
-1.64e0 2.6e-1 1.63405e2 1.63405e2
-1.6e0 2.6e-1 1.63095e2 1.63095e2
-1.56e0 2.6e-1 1.62755e2 1.62755e2
-1.52e0 2.6e-1 1.62381e2 1.62381e2
-1.48e0 2.6e-1 1.61974e2 1.61974e2
-1.44e0 2.6e-1 1.61526e2 1.61526e2
-1.4e0 2.6e-1 1.61037e2 1.61037e2
-1.36e0 2.6e-1 1.60501e2 1.60501e2
-1.32e0 2.6e-1 1.59915e2 1.59915e2
-1.28e0 2.6e-1 1.59271e2 1.59271e2
-1.24e0 2.6e-1 1.58568e2 1.58568e2
-1.2e0 2.6e-1 1.57799e2 1.57799e2
-1.16e0 2.6e-1 1.56958e2 1.56958e2
-1.12e0 2.6e-1 1.56036e2 1.56036e2
-1.08e0 2.6e-1 1.5503e2 1.5503e2
-1.04e0 2.6e-1 1.53928e2 1.53928e2
-1.0e0 2.6e-1 1.52722e2 1.52722e2
-9.6e-1 2.6e-1 1.51411e2 1.51411e2
-9.2e-1 2.6e-1 1.49968e2 1.49968e2
-8.8e-1 2.6e-1 1.48396e2 1.48396e2
-8.4e-1 2.6e-1 1.4668e2 1.4668e2
-8.0e-1 2.6e-1 1.4481e2 1.4481e2
-7.6e-1 2.6e-1 1.4276e2 1.4276e2
-7.2e-1 2.6e-1 1.40518e2 1.40518e2
-6.8e-1 2.6e-1 1.38075e2 1.38075e2
-6.4e-1 2.6e-1 1.35419e2 1.35419e2
-6.0e-1 2.6e-1 1.32498e2 1.32498e2
-5.6e-1 2.6e-1 1.29326e2 1.29326e2
-5.2e-1 2.6e-1 1.25859e2 1.25859e2
-4.8e-1 2.6e-1 1.22076e2 1.22076e2
-4.4e-1 2.6e-1 1.17944e2 1.17944e2
-4.0e-1 2.6e-1 1.13406e2 1.13406e2
-3.6e-1 2.6e-1 1.08444e2 1.08444e2
-3.2e-1 2.6e-1 1.02992e2 1.02992e2
-2.8e-1 2.6e-1 9.6973e1 9.6973e1
-2.4e-1 2.6e-1 9.0308e1 9.0308e1
-2.0e-1 2.6e-1 8.2849e1 8.2849e1
-1.6e-1 2.6e-1 7.4399e1 7.4399e1
-1.2e-1 2.6e-1 6.4618e1 6.4618e1
-8.0e-2 2.6e-1 5.2869e1 5.2869e1
-4.0e-2 2.6e-1 3.7387e1 3.7387e1
0.0e0 2.6e-1 0.0e0 0.0e0

-2.0e0 2.8e-1 1.76158e2 1.76158e2
-1.96e0 2.8e-1 1.76006e2 1.76006e2
-1.92e0 2.8e-1 1.7584e2 1.7584e2
-1.88e0 2.8e-1 1.75658e2 1.75658e2
-1.84e0 2.8e-1 1.75458e2 1.75458e2
-1.8e0 2.8e-1 1.7524e2 1.7524e2
-1.76e0 2.8e-1 1.75e2 1.75e2
-1.72e0 2.8e-1 1.74738e2 1.74738e2
-1.68e0 2.8e-1 1.7445e2 1.7445e2
-1.64e0 2.8e-1 1.74135e2 1.74135e2
-1.6e0 2.8e-1 1.7379e2 1.7379e2
-1.56e0 2.8e-1 1.73412e2 1.73412e2
-1.52e0 2.8e-1 1.72998e2 1.72998e2
-1.48e0 2.8e-1 1.72545e2 1.72545e2
-1.44e0 2.8e-1 1.72047e2 1.72047e2
-1.4e0 2.8e-1 1.71506e2 1.71506e2
-1.36e0 2.8e-1 1.7091e2 1.7091e2
-1.32e0 2.8e-1 1.7026e2 1.7026e2
-1.28e0 2.8e-1 1.69547e2 1.69547e2
-1.24e0 2.8e-1 1.68768e2 1.68768e2
-1.2e0 2.8e-1 1.67915e2 1.67915e2
-1.16e0 2.8e-1 1.66983e2 1.66983e2
-1.12e0 2.8e-1 1.65964e2 1.65964e2
-1.08e0 2.8e-1 1.6485e2 1.6485e2
-1.04e0 2.8e-1 1.63632e2 1.63632e2
-1.0e0 2.8e-1 1.62302e2 1.62302e2
-9.6e-1 2.8e-1 1.60854e2 1.60854e2
-9.2e-1 2.8e-1 1.59264e2 1.59264e2
-8.8e-1 2.8e-1 1.5753e2 1.5753e2
-8.4e-1 2.8e-1 1.55641e2 1.55641e2
-8.0e-1 2.8e-1 1.53586e2 1.53586e2
-7.6e-1 2.8e-1 1.51334e2 1.51334e2
-7.2e-1 2.8e-1 1.48877e2 1.48877e2
-6.8e-1 2.8e-1 1.462e2 1.462e2
-6.4e-1 2.8e-1 1.43294e2 1.43294e2
-6.0e-1 2.8e-1 1.40105e2 1.40105e2
-5.6e-1 2.8e-1 1.36647e2 1.36647e2
-5.2e-1 2.8e-1 1.32875e2 1.32875e2
-4.8e-1 2.8e-1 1.28769e2 1.28769e2
-4.4e-1 2.8e-1 1.24295e2 1.24295e2
-4.0e-1 2.8e-1 1.19391e2 1.19391e2
-3.6e-1 2.8e-1 1.14044e2 1.14044e2
-3.2e-1 2.8e-1 1.08185e2 1.08185e2
-2.8e-1 2.8e-1 1.01736e2 1.01736e2
-2.4e-1 2.8e-1 9.462e1 9.462e1
-2.0e-1 2.8e-1 8.6685e1 8.6685e1
-1.6e-1 2.8e-1 7.7727e1 7.7727e1
-1.2e-1 2.8e-1 6.7404e1 6.7404e1
-8.0e-2 2.8e-1 5.5058e1 5.5058e1
-4.0e-2 2.8e-1 3.8869e1 3.8869e1
0.0e0 2.8e-1 0.0e0 0.0e0

-2.0e0 3.0e-1 1.87476e2 1.87476e2
-1.96e0 3.0e-1 1.87308e2 1.87308e2
-1.92e0 3.0e-1 1.87123e2 1.87123e2
-1.88e0 3.0e-1 1.86922e2 1.86922e2
-1.84e0 3.0e-1 1.867e2 1.867e2
-1.8e0 3.0e-1 1.86456e2 1.86456e2
-1.76e0 3.0e-1 1.86191e2 1.86191e2
-1.72e0 3.0e-1 1.859e2 1.859e2
-1.68e0 3.0e-1 1.85579e2 1.85579e2
-1.64e0 3.0e-1 1.8523e2 1.8523e2
-1.6e0 3.0e-1 1.84846e2 1.84846e2
-1.56e0 3.0e-1 1.84427e2 1.84427e2
-1.52e0 3.0e-1 1.83969e2 1.83969e2
-1.48e0 3.0e-1 1.83466e2 1.83466e2
-1.44e0 3.0e-1 1.82915e2 1.82915e2
-1.4e0 3.0e-1 1.82314e2 1.82314e2
-1.36e0 3.0e-1 1.81654e2 1.81654e2
-1.32e0 3.0e-1 1.80933e2 1.80933e2
-1.28e0 3.0e-1 1.80144e2 1.80144e2
-1.24e0 3.0e-1 1.79282e2 1.79282e2
-1.2e0 3.0e-1 1.78339e2 1.78339e2
-1.16e0 3.0e-1 1.77309e2 1.77309e2
-1.12e0 3.0e-1 1.76183e2 1.76183e2
-1.08e0 3.0e-1 1.74953e2 1.74953e2
-1.04e0 3.0e-1 1.73608e2 1.73608e2
-1.0e0 3.0e-1 1.7214e2 1.7214e2
-9.6e-1 3.0e-1 1.70543e2 1.70543e2
-9.2e-1 3.0e-1 1.68793e2 1.68793e2
-8.8e-1 3.0e-1 1.66888e2 1.66888e2
-8.4e-1 3.0e-1 1.64812e2 1.64812e2
-8.0e-1 3.0e-1 1.62555e2 1.62555e2
-7.6e-1 3.0e-1 1.60086e2 1.60086e2
-7.2e-1 3.0e-1 1.57396e2 1.57396e2
-6.8e-1 3.0e-1 1.54471e2 1.54471e2
-6.4e-1 3.0e-1 1.51299e2 1.51299e2
-6.0e-1 3.0e-1 1.47823e2 1.47823e2
-5.6e-1 3.0e-1 1.44063e2 1.44063e2
-5.2e-1 3.0e-1 1.39967e2 1.39967e2
-4.8e-1 3.0e-1 1.35518e2 1.35518e2
-4.4e-1 3.0e-1 1.30684e2 1.30684e2
-4.0e-1 3.0e-1 1.25397e2 1.25397e2
-3.6e-1 3.0e-1 1.19647e2 1.19647e2
-3.2e-1 3.0e-1 1.13365e2 1.13365e2
-2.8e-1 3.0e-1 1.06474e2 1.06474e2
-2.4e-1 3.0e-1 9.8894e1 9.8894e1
-2.0e-1 3.0e-1 9.0474e1 9.0474e1
-1.6e-1 3.0e-1 8.1001e1 8.1001e1
-1.2e-1 3.0e-1 7.0132e1 7.0132e1
-8.0e-2 3.0e-1 5.7191e1 5.7191e1
-4.0e-2 3.0e-1 4.0306e1 4.0306e1
0.0e0 3.0e-1 0.0e0 0.0e0

-2.0e0 3.2e-1 1.99236e2 1.99236e2
-1.96e0 3.2e-1 1.9905e2 1.9905e2
-1.92e0 3.2e-1 1.98843e2 1.98843e2
-1.88e0 3.2e-1 1.9862e2 1.9862e2
-1.84e0 3.2e-1 1.98373e2 1.98373e2
-1.8e0 3.2e-1 1.98103e2 1.98103e2
-1.76e0 3.2e-1 1.97807e2 1.97807e2
-1.72e0 3.2e-1 1.97485e2 1.97485e2
-1.68e0 3.2e-1 1.97131e2 1.97131e2
-1.64e0 3.2e-1 1.96744e2 1.96744e2
-1.6e0 3.2e-1 1.9632e2 1.9632e2
-1.56e0 3.2e-1 1.95856e2 1.95856e2
-1.52e0 3.2e-1 1.95345e2 1.95345e2
-1.48e0 3.2e-1 1.94788e2 1.94788e2
-1.44e0 3.2e-1 1.94177e2 1.94177e2
-1.4e0 3.2e-1 1.93512e2 1.93512e2
-1.36e0 3.2e-1 1.92783e2 1.92783e2
-1.32e0 3.2e-1 1.91985e2 1.91985e2
-1.28e0 3.2e-1 1.91112e2 1.91112e2
-1.24e0 3.2e-1 1.9016e2 1.9016e2
-1.2e0 3.2e-1 1.89116e2 1.89116e2
-1.16e0 3.2e-1 1.87978e2 1.87978e2
-1.12e0 3.2e-1 1.86736e2 1.86736e2
-1.08e0 3.2e-1 1.85378e2 1.85378e2
-1.04e0 3.2e-1 1.83897e2 1.83897e2
-1.0e0 3.2e-1 1.8228e2 1.8228e2
-9.6e-1 3.2e-1 1.80524e2 1.80524e2
-9.2e-1 3.2e-1 1.78598e2 1.78598e2
-8.8e-1 3.2e-1 1.76505e2 1.76505e2
-8.4e-1 3.2e-1 1.74226e2 1.74226e2
-8.0e-1 3.2e-1 1.71753e2 1.71753e2
-7.6e-1 3.2e-1 1.6905e2 1.6905e2
-7.2e-1 3.2e-1 1.66109e2 1.66109e2
-6.8e-1 3.2e-1 1.62917e2 1.62917e2
-6.4e-1 3.2e-1 1.59457e2 1.59457e2
-6.0e-1 3.2e-1 1.55678e2 1.55678e2
-5.6e-1 3.2e-1 1.51593e2 1.51593e2
-5.2e-1 3.2e-1 1.47156e2 1.47156e2
-4.8e-1 3.2e-1 1.42346e2 1.42346e2
-4.4e-1 3.2e-1 1.37128e2 1.37128e2
-4.0e-1 3.2e-1 1.31439e2 1.31439e2
-3.6e-1 3.2e-1 1.2527e2 1.2527e2
-3.2e-1 3.2e-1 1.18549e2 1.18549e2
-2.8e-1 3.2e-1 1.11198e2 1.11198e2
-2.4e-1 3.2e-1 1.03139e2 1.03139e2
-2.0e-1 3.2e-1 9.4223e1 9.4223e1
-1.6e-1 3.2e-1 8.423e1 8.423e1
-1.2e-1 3.2e-1 7.281e1 7.281e1
-8.0e-2 3.2e-1 5.9277e1 5.9277e1
-4.0e-2 3.2e-1 4.1702e1 4.1702e1
0.0e0 3.2e-1 0.0e0 0.0e0

-2.0e0 3.4e-1 2.11497e2 2.11497e2
-1.96e0 3.4e-1 2.1129e2 2.1129e2
-1.92e0 3.4e-1 2.11063e2 2.11063e2
-1.88e0 3.4e-1 2.10814e2 2.10814e2
-1.84e0 3.4e-1 2.10541e2 2.10541e2
-1.8e0 3.4e-1 2.10242e2 2.10242e2
-1.76e0 3.4e-1 2.09915e2 2.09915e2
-1.72e0 3.4e-1 2.09557e2 2.09557e2
-1.68e0 3.4e-1 2.09163e2 2.09163e2
-1.64e0 3.4e-1 2.08734e2 2.08734e2
-1.6e0 3.4e-1 2.08263e2 2.08263e2
-1.56e0 3.4e-1 2.07748e2 2.07748e2
-1.52e0 3.4e-1 2.07184e2 2.07184e2
-1.48e0 3.4e-1 2.06567e2 2.06567e2
-1.44e0 3.4e-1 2.05893e2 2.05893e2
-1.4e0 3.4e-1 2.05154e2 2.05154e2
-1.36e0 3.4e-1 2.04349e2 2.04349e2
-1.32e0 3.4e-1 2.03465e2 2.03465e2
-1.28e0 3.4e-1 2.02501e2 2.02501e2
-1.24e0 3.4e-1 2.0145e2 2.0145e2
-1.2e0 3.4e-1 2.00298e2 2.00298e2
-1.16e0 3.4e-1 1.99042e2 1.99042e2
-1.12e0 3.4e-1 1.9767e2 1.9767e2
-1.08e0 3.4e-1 1.96175e2 1.96175e2
-1.04e0 3.4e-1 1.94542e2 1.94542e2
-1.0e0 3.4e-1 1.92763e2 1.92763e2
-9.6e-1 3.4e-1 1.90831e2 1.90831e2
-9.2e-1 3.4e-1 1.88718e2 1.88718e2
-8.8e-1 3.4e-1 1.8642e2 1.8642e2
-8.4e-1 3.4e-1 1.83922e2 1.83922e2
-8.0e-1 3.4e-1 1.81213e2 1.81213e2
-7.6e-1 3.4e-1 1.78258e2 1.78258e2
-7.2e-1 3.4e-1 1.75046e2 1.75046e2
-6.8e-1 3.4e-1 1.71564e2 1.71564e2
-6.4e-1 3.4e-1 1.678e2 1.678e2
-6.0e-1 3.4e-1 1.63692e2 1.63692e2
-5.6e-1 3.4e-1 1.59264e2 1.59264e2
-5.2e-1 3.4e-1 1.54462e2 1.54462e2
-4.8e-1 3.4e-1 1.49268e2 1.49268e2
-4.4e-1 3.4e-1 1.43646e2 1.43646e2
-4.0e-1 3.4e-1 1.37534e2 1.37534e2
-3.6e-1 3.4e-1 1.30925e2 1.30925e2
-3.2e-1 3.4e-1 1.23746e2 1.23746e2
-2.8e-1 3.4e-1 1.1592e2 1.1592e2
-2.4e-1 3.4e-1 1.07368e2 1.07368e2
-2.0e-1 3.4e-1 9.7942e1 9.7942e1
-1.6e-1 3.4e-1 8.742e1 8.742e1
-1.2e-1 3.4e-1 7.5446e1 7.5446e1
-8.0e-2 3.4e-1 6.132e1 6.132e1
-4.0e-2 3.4e-1 4.3063e1 4.3063e1
0.0e0 3.4e-1 0.0e0 0.0e0

-2.0e0 3.6e-1 2.24324e2 2.24324e2
-1.96e0 3.6e-1 2.24094e2 2.24094e2
-1.92e0 3.6e-1 2.23842e2 2.23842e2
-1.88e0 3.6e-1 2.23566e2 2.23566e2
-1.84e0 3.6e-1 2.23264e2 2.23264e2
-1.8e0 3.6e-1 2.22931e2 2.22931e2
-1.76e0 3.6e-1 2.22568e2 2.22568e2
-1.72e0 3.6e-1 2.22171e2 2.22171e2
-1.68e0 3.6e-1 2.21736e2 2.21736e2
-1.64e0 3.6e-1 2.2126e2 2.2126e2
-1.6e0 3.6e-1 2.20738e2 2.20738e2
-1.56e0 3.6e-1 2.20168e2 2.20168e2
-1.52e0 3.6e-1 2.19543e2 2.19543e2
-1.48e0 3.6e-1 2.18861e2 2.18861e2
-1.44e0 3.6e-1 2.18115e2 2.18115e2
-1.4e0 3.6e-1 2.17297e2 2.17297e2
-1.36e0 3.6e-1 2.16406e2 2.16406e2
-1.32e0 3.6e-1 2.15431e2 2.15431e2
-1.28e0 3.6e-1 2.14365e2 2.14365e2
-1.24e0 3.6e-1 2.13202e2 2.13202e2
-1.2e0 3.6e-1 2.11932e2 2.11932e2
-1.16e0 3.6e-1 2.10545e2 2.10545e2
-1.12e0 3.6e-1 2.09035e2 2.09035e2
-1.08e0 3.6e-1 2.07385e2 2.07385e2
-1.04e0 3.6e-1 2.05591e2 2.05591e2
-1.0e0 3.6e-1 2.03635e2 2.03635e2
-9.6e-1 3.6e-1 2.0151e2 2.0151e2
-9.2e-1 3.6e-1 1.9919e2 1.9919e2
-8.8e-1 3.6e-1 1.96667e2 1.96667e2
-8.4e-1 3.6e-1 1.93933e2 1.93933e2
-8.0e-1 3.6e-1 1.9097e2 1.9097e2
-7.6e-1 3.6e-1 1.87741e2 1.87741e2
-7.2e-1 3.6e-1 1.84236e2 1.84236e2
-6.8e-1 3.6e-1 1.80443e2 1.80443e2
-6.4e-1 3.6e-1 1.7635e2 1.7635e2
-6.0e-1 3.6e-1 1.7189e2 1.7189e2
-5.6e-1 3.6e-1 1.67093e2 1.67093e2
-5.2e-1 3.6e-1 1.61902e2 1.61902e2
-4.8e-1 3.6e-1 1.563e2 1.563e2
-4.4e-1 3.6e-1 1.50255e2 1.50255e2
-4.0e-1 3.6e-1 1.43697e2 1.43697e2
-3.6e-1 3.6e-1 1.36626e2 1.36626e2
-3.2e-1 3.6e-1 1.28967e2 1.28967e2
-2.8e-1 3.6e-1 1.20648e2 1.20648e2
-2.4e-1 3.6e-1 1.11589e2 1.11589e2
-2.0e-1 3.6e-1 1.01639e2 1.01639e2
-1.6e-1 3.6e-1 9.0579e1 9.0579e1
-1.2e-1 3.6e-1 7.8044e1 7.8044e1
-8.0e-2 3.6e-1 6.3324e1 6.3324e1
-4.0e-2 3.6e-1 4.4392e1 4.4392e1
0.0e0 3.6e-1 0.0e0 0.0e0

-2.0e0 3.8e-1 2.37787e2 2.37787e2
-1.96e0 3.8e-1 2.37532e2 2.37532e2
-1.92e0 3.8e-1 2.37251e2 2.37251e2
-1.88e0 3.8e-1 2.36945e2 2.36945e2
-1.84e0 3.8e-1 2.3661e2 2.3661e2
-1.8e0 3.8e-1 2.36243e2 2.36243e2
-1.76e0 3.8e-1 2.35841e2 2.35841e2
-1.72e0 3.8e-1 2.35399e2 2.35399e2
-1.68e0 3.8e-1 2.34917e2 2.34917e2
-1.64e0 3.8e-1 2.34389e2 2.34389e2
-1.6e0 3.8e-1 2.3381e2 2.3381e2
-1.56e0 3.8e-1 2.33179e2 2.33179e2
-1.52e0 3.8e-1 2.32487e2 2.32487e2
-1.48e0 3.8e-1 2.31732e2 2.31732e2
-1.44e0 3.8e-1 2.30907e2 2.30907e2
-1.4e0 3.8e-1 2.30003e2 2.30003e2
-1.36e0 3.8e-1 2.29018e2 2.29018e2
-1.32e0 3.8e-1 2.27937e2 2.27937e2
-1.28e0 3.8e-1 2.26761e2 2.26761e2
-1.24e0 3.8e-1 2.25476e2 2.25476e2
-1.2e0 3.8e-1 2.24075e2 2.24075e2
-1.16e0 3.8e-1 2.22546e2 2.22546e2
-1.12e0 3.8e-1 2.20882e2 2.20882e2
-1.08e0 3.8e-1 2.19064e2 2.19064e2
-1.04e0 3.8e-1 2.17088e2 2.17088e2
-1.0e0 3.8e-1 2.14937e2 2.14937e2
-9.6e-1 3.8e-1 2.12604e2 2.12604e2
-9.2e-1 3.8e-1 2.10056e2 2.10056e2
-8.8e-1 3.8e-1 2.07294e2 2.07294e2
-8.4e-1 3.8e-1 2.04298e2 2.04298e2
-8.0e-1 3.8e-1 2.01057e2 2.01057e2
-7.6e-1 3.8e-1 1.97531e2 1.97531e2
-7.2e-1 3.8e-1 1.9371e2 1.9371e2
-6.8e-1 3.8e-1 1.89581e2 1.89581e2
-6.4e-1 3.8e-1 1.85133e2 1.85133e2
-6.0e-1 3.8e-1 1.80296e2 1.80296e2
-5.6e-1 3.8e-1 1.75105e2 1.75105e2
-5.2e-1 3.8e-1 1.69499e2 1.69499e2
-4.8e-1 3.8e-1 1.63464e2 1.63464e2
-4.4e-1 3.8e-1 1.56966e2 1.56966e2
-4.0e-1 3.8e-1 1.49937e2 1.49937e2
-3.6e-1 3.8e-1 1.42381e2 1.42381e2
-3.2e-1 3.8e-1 1.34224e2 1.34224e2
-2.8e-1 3.8e-1 1.2539e2 1.2539e2
-2.4e-1 3.8e-1 1.15807e2 1.15807e2
-2.0e-1 3.8e-1 1.05319e2 1.05319e2
-1.6e-1 3.8e-1 9.371e1 9.371e1
-1.2e-1 3.8e-1 8.0608e1 8.0608e1
-8.0e-2 3.8e-1 6.5292e1 6.5292e1
-4.0e-2 3.8e-1 4.5692e1 4.5692e1
0.0e0 3.8e-1 0.0e0 0.0e0

-2.0e0 4.0e-1 2.5196e2 2.5196e2
-1.96e0 4.0e-1 2.51678e2 2.51678e2
-1.92e0 4.0e-1 2.51367e2 2.51367e2
-1.88e0 4.0e-1 2.51027e2 2.51027e2
-1.84e0 4.0e-1 2.50655e2 2.50655e2
-1.8e0 4.0e-1 2.50247e2 2.50247e2
-1.76e0 4.0e-1 2.49802e2 2.49802e2
-1.72e0 4.0e-1 2.49312e2 2.49312e2
-1.68e0 4.0e-1 2.48778e2 2.48778e2
-1.64e0 4.0e-1 2.48192e2 2.48192e2
-1.6e0 4.0e-1 2.47552e2 2.47552e2
-1.56e0 4.0e-1 2.46852e2 2.46852e2
-1.52e0 4.0e-1 2.46086e2 2.46086e2
-1.48e0 4.0e-1 2.45248e2 2.45248e2
-1.44e0 4.0e-1 2.44334e2 2.44334e2
-1.4e0 4.0e-1 2.43336e2 2.43336e2
-1.36e0 4.0e-1 2.42244e2 2.42244e2
-1.32e0 4.0e-1 2.41052e2 2.41052e2
-1.28e0 4.0e-1 2.39752e2 2.39752e2
-1.24e0 4.0e-1 2.38335e2 2.38335e2
-1.2e0 4.0e-1 2.36786e2 2.36786e2
-1.16e0 4.0e-1 2.351e2 2.351e2
-1.12e0 4.0e-1 2.33264e2 2.33264e2
-1.08e0 4.0e-1 2.31264e2 2.31264e2
-1.04e0 4.0e-1 2.2909e2 2.2909e2
-1.0e0 4.0e-1 2.26723e2 2.26723e2
-9.6e-1 4.0e-1 2.2416e2 2.2416e2
-9.2e-1 4.0e-1 2.21364e2 2.21364e2
-8.8e-1 4.0e-1 2.18336e2 2.18336e2
-8.4e-1 4.0e-1 2.15057e2 2.15057e2
-8.0e-1 4.0e-1 2.11516e2 2.11516e2
-7.6e-1 4.0e-1 2.07664e2 2.07664e2
-7.2e-1 4.0e-1 2.035e2 2.035e2
-6.8e-1 4.0e-1 1.9901e2 1.9901e2
-6.4e-1 4.0e-1 1.94177e2 1.94177e2
-6.0e-1 4.0e-1 1.88934e2 1.88934e2
-5.6e-1 4.0e-1 1.83319e2 1.83319e2
-5.2e-1 4.0e-1 1.77269e2 1.77269e2
-4.8e-1 4.0e-1 1.70772e2 1.70772e2
-4.4e-1 4.0e-1 1.63797e2 1.63797e2
-4.0e-1 4.0e-1 1.56271e2 1.56271e2
-3.6e-1 4.0e-1 1.48206e2 1.48206e2
-3.2e-1 4.0e-1 1.39525e2 1.39525e2
-2.8e-1 4.0e-1 1.30157e2 1.30157e2
-2.4e-1 4.0e-1 1.20032e2 1.20032e2
-2.0e-1 4.0e-1 1.0899e2 1.0899e2
-1.6e-1 4.0e-1 9.682e1 9.682e1
-1.2e-1 4.0e-1 8.3144e1 8.3144e1
-8.0e-2 4.0e-1 6.723e1 6.723e1
-4.0e-2 4.0e-1 4.6965e1 4.6965e1
0.0e0 4.0e-1 0.0e0 0.0e0

-2.0e0 4.2e-1 2.66934e2 2.66934e2
-1.96e0 4.2e-1 2.66618e2 2.66618e2
-1.92e0 4.2e-1 2.66273e2 2.66273e2
-1.88e0 4.2e-1 2.65897e2 2.65897e2
-1.84e0 4.2e-1 2.65485e2 2.65485e2
-1.8e0 4.2e-1 2.6503e2 2.6503e2
-1.76e0 4.2e-1 2.64536e2 2.64536e2
-1.72e0 4.2e-1 2.63992e2 2.63992e2
-1.68e0 4.2e-1 2.63399e2 2.63399e2
-1.64e0 4.2e-1 2.6275e2 2.6275e2
-1.6e0 4.2e-1 2.6204e2 2.6204e2
-1.56e0 4.2e-1 2.61264e2 2.61264e2
-1.52e0 4.2e-1 2.60416e2 2.60416e2
-1.48e0 4.2e-1 2.59488e2 2.59488e2
-1.44e0 4.2e-1 2.58475e2 2.58475e2
-1.4e0 4.2e-1 2.57368e2 2.57368e2
-1.36e0 4.2e-1 2.56161e2 2.56161e2
-1.32e0 4.2e-1 2.54843e2 2.54843e2
-1.28e0 4.2e-1 2.53406e2 2.53406e2
-1.24e0 4.2e-1 2.51839e2 2.51839e2
-1.2e0 4.2e-1 2.5013e2 2.5013e2
-1.16e0 4.2e-1 2.4827e2 2.4827e2
-1.12e0 4.2e-1 2.46245e2 2.46245e2
-1.08e0 4.2e-1 2.44041e2 2.44041e2
-1.04e0 4.2e-1 2.41647e2 2.41647e2
-1.0e0 4.2e-1 2.39046e2 2.39046e2
-9.6e-1 4.2e-1 2.3623e2 2.3623e2
-9.2e-1 4.2e-1 2.3316e2 2.3316e2
-8.8e-1 4.2e-1 2.29843e2 2.29843e2
-8.4e-1 4.2e-1 2.26253e2 2.26253e2
-8.0e-1 4.2e-1 2.22382e2 2.22382e2
-7.6e-1 4.2e-1 2.1818e2 2.1818e2
-7.2e-1 4.2e-1 2.13641e2 2.13641e2
-6.8e-1 4.2e-1 2.08754e2 2.08754e2
-6.4e-1 4.2e-1 2.0351e2 2.0351e2
-6.0e-1 4.2e-1 1.9783e2 1.9783e2
-5.6e-1 4.2e-1 1.91759e2 1.91759e2
-5.2e-1 4.2e-1 1.85234e2 1.85234e2
-4.8e-1 4.2e-1 1.78246e2 1.78246e2
-4.4e-1 4.2e-1 1.7076e2 1.7076e2
-4.0e-1 4.2e-1 1.62709e2 1.62709e2
-3.6e-1 4.2e-1 1.54106e2 1.54106e2
-3.2e-1 4.2e-1 1.44879e2 1.44879e2
-2.8e-1 4.2e-1 1.34955e2 1.34955e2
-2.4e-1 4.2e-1 1.24265e2 1.24265e2
-2.0e-1 4.2e-1 1.12659e2 1.12659e2
-1.6e-1 4.2e-1 9.9913e1 9.9913e1
-1.2e-1 4.2e-1 8.5655e1 8.5655e1
-8.0e-2 4.2e-1 6.9139e1 6.9139e1
-4.0e-2 4.2e-1 4.8212e1 4.8212e1
0.0e0 4.2e-1 0.0e0 0.0e0

-2.0e0 4.4e-1 2.828e2 2.828e2
-1.96e0 4.4e-1 2.82451e2 2.82451e2
-1.92e0 4.4e-1 2.82066e2 2.82066e2
-1.88e0 4.4e-1 2.81647e2 2.81647e2
-1.84e0 4.4e-1 2.81187e2 2.81187e2
-1.8e0 4.4e-1 2.80685e2 2.80685e2
-1.76e0 4.4e-1 2.80135e2 2.80135e2
-1.72e0 4.4e-1 2.7953e2 2.7953e2
-1.68e0 4.4e-1 2.78873e2 2.78873e2
-1.64e0 4.4e-1 2.78152e2 2.78152e2
-1.6e0 4.4e-1 2.77364e2 2.77364e2
-1.56e0 4.4e-1 2.76505e2 2.76505e2
-1.52e0 4.4e-1 2.75562e2 2.75562e2
-1.48e0 4.4e-1 2.74535e2 2.74535e2
-1.44e0 4.4e-1 2.73412e2 2.73412e2
-1.4e0 4.4e-1 2.72185e2 2.72185e2
-1.36e0 4.4e-1 2.70848e2 2.70848e2
-1.32e0 4.4e-1 2.6939e2 2.6939e2
-1.28e0 4.4e-1 2.67798e2 2.67798e2
-1.24e0 4.4e-1 2.66066e2 2.66066e2
-1.2e0 4.4e-1 2.64178e2 2.64178e2
-1.16e0 4.4e-1 2.62125e2 2.62125e2
-1.12e0 4.4e-1 2.5989e2 2.5989e2
-1.08e0 4.4e-1 2.57462e2 2.57462e2
-1.04e0 4.4e-1 2.54823e2 2.54823e2
-1.0e0 4.4e-1 2.5196e2 2.5196e2
-9.6e-1 4.4e-1 2.48868e2 2.48868e2
-9.2e-1 4.4e-1 2.45499e2 2.45499e2
-8.8e-1 4.4e-1 2.41861e2 2.41861e2
-8.4e-1 4.4e-1 2.3793e2 2.3793e2
-8.0e-1 4.4e-1 2.33698e2 2.33698e2
-7.6e-1 4.4e-1 2.29112e2 2.29112e2
-7.2e-1 4.4e-1 2.24167e2 2.24167e2
-6.8e-1 4.4e-1 2.18852e2 2.18852e2
-6.4e-1 4.4e-1 2.1316e2 2.1316e2
-6.0e-1 4.4e-1 2.07008e2 2.07008e2
-5.6e-1 4.4e-1 2.00447e2 2.00447e2
-5.2e-1 4.4e-1 1.93411e2 1.93411e2
-4.8e-1 4.4e-1 1.85896e2 1.85896e2
-4.4e-1 4.4e-1 1.77872e2 1.77872e2
-4.0e-1 4.4e-1 1.69266e2 1.69266e2
-3.6e-1 4.4e-1 1.60097e2 1.60097e2
-3.2e-1 4.4e-1 1.50294e2 1.50294e2
-2.8e-1 4.4e-1 1.3979e2 1.3979e2
-2.4e-1 4.4e-1 1.28517e2 1.28517e2
-2.0e-1 4.4e-1 1.16325e2 1.16325e2
-1.6e-1 4.4e-1 1.02994e2 1.02994e2
-1.2e-1 4.4e-1 8.8145e1 8.8145e1
-8.0e-2 4.4e-1 7.1024e1 7.1024e1
-4.0e-2 4.4e-1 4.9437e1 4.9437e1
0.0e0 4.4e-1 0.0e0 0.0e0

-2.0e0 4.6e-1 2.99669e2 2.99669e2
-1.96e0 4.6e-1 2.99278e2 2.99278e2
-1.92e0 4.6e-1 2.98853e2 2.98853e2
-1.88e0 4.6e-1 2.98386e2 2.98386e2
-1.84e0 4.6e-1 2.97874e2 2.97874e2
-1.8e0 4.6e-1 2.97314e2 2.97314e2
-1.76e0 4.6e-1 2.96703e2 2.96703e2
-1.72e0 4.6e-1 2.96033e2 2.96033e2
-1.68e0 4.6e-1 2.953e2 2.953e2
-1.64e0 4.6e-1 2.94499e2 2.94499e2
-1.6e0 4.6e-1 2.93623e2 2.93623e2
-1.56e0 4.6e-1 2.92667e2 2.92667e2
-1.52e0 4.6e-1 2.91621e2 2.91621e2
-1.48e0 4.6e-1 2.90482e2 2.90482e2
-1.44e0 4.6e-1 2.89233e2 2.89233e2
-1.4e0 4.6e-1 2.87875e2 2.87875e2
-1.36e0 4.6e-1 2.86394e2 2.86394e2
-1.32e0 4.6e-1 2.84776e2 2.84776e2
-1.28e0 4.6e-1 2.83015e2 2.83015e2
-1.24e0 4.6e-1 2.81097e2 2.81097e2
-1.2e0 4.6e-1 2.7901e2 2.7901e2
-1.16e0 4.6e-1 2.76741e2 2.76741e2
-1.12e0 4.6e-1 2.74274e2 2.74274e2
-1.08e0 4.6e-1 2.71594e2 2.71594e2
-1.04e0 4.6e-1 2.6869e2 2.6869e2
-1.0e0 4.6e-1 2.65538e2 2.65538e2
-9.6e-1 4.6e-1 2.62135e2 2.62135e2
-9.2e-1 4.6e-1 2.58437e2 2.58437e2
-8.8e-1 4.6e-1 2.54446e2 2.54446e2
-8.4e-1 4.6e-1 2.50142e2 2.50142e2
-8.0e-1 4.6e-1 2.45512e2 2.45512e2
-7.6e-1 4.6e-1 2.40506e2 2.40506e2
-7.2e-1 4.6e-1 2.35117e2 2.35117e2
-6.8e-1 4.6e-1 2.29337e2 2.29337e2
-6.4e-1 4.6e-1 2.23157e2 2.23157e2
-6.0e-1 4.6e-1 2.16495e2 2.16495e2
-5.6e-1 4.6e-1 2.09406e2 2.09406e2
-5.2e-1 4.6e-1 2.01825e2 2.01825e2
-4.8e-1 4.6e-1 1.93747e2 1.93747e2
-4.4e-1 4.6e-1 1.85146e2 1.85146e2
-4.0e-1 4.6e-1 1.75949e2 1.75949e2
-3.6e-1 4.6e-1 1.66185e2 1.66185e2
-3.2e-1 4.6e-1 1.5578e2 1.5578e2
-2.8e-1 4.6e-1 1.4467e2 1.4467e2
-2.4e-1 4.6e-1 1.32791e2 1.32791e2
-2.0e-1 4.6e-1 1.19997e2 1.19997e2
-1.6e-1 4.6e-1 1.06064e2 1.06064e2
-1.2e-1 4.6e-1 9.0616e1 9.0616e1
-8.0e-2 4.6e-1 7.2884e1 7.2884e1
-4.0e-2 4.6e-1 5.0641e1 5.0641e1
0.0e0 4.6e-1 0.0e0 0.0e0

-2.0e0 4.8e-1 3.17664e2 3.17664e2
-1.96e0 4.8e-1 3.1723e2 3.1723e2
-1.92e0 4.8e-1 3.16754e2 3.16754e2
-1.88e0 4.8e-1 3.16232e2 3.16232e2
-1.84e0 4.8e-1 3.15663e2 3.15663e2
-1.8e0 4.8e-1 3.1504e2 3.1504e2
-1.76e0 4.8e-1 3.14359e2 3.14359e2
-1.72e0 4.8e-1 3.13611e2 3.13611e2
-1.68e0 4.8e-1 3.12796e2 3.12796e2
-1.64e0 4.8e-1 3.11905e2 3.11905e2
-1.6e0 4.8e-1 3.1093e2 3.1093e2
-1.56e0 4.8e-1 3.09866e2 3.09866e2
-1.52e0 4.8e-1 3.08704e2 3.08704e2
-1.48e0 4.8e-1 3.07436e2 3.07436e2
-1.44e0 4.8e-1 3.06052e2 3.06052e2
-1.4e0 4.8e-1 3.04543e2 3.04543e2
-1.36e0 4.8e-1 3.02896e2 3.02896e2
-1.32e0 4.8e-1 3.01103e2 3.01103e2
-1.28e0 4.8e-1 2.9915e2 2.9915e2
-1.24e0 4.8e-1 2.97028e2 2.97028e2
-1.2e0 4.8e-1 2.94716e2 2.94716e2
-1.16e0 4.8e-1 2.92206e2 2.92206e2
-1.12e0 4.8e-1 2.8948e2 2.8948e2
-1.08e0 4.8e-1 2.86523e2 2.86523e2
-1.04e0 4.8e-1 2.83318e2 2.83318e2
-1.0e0 4.8e-1 2.79845e2 2.79845e2
-9.6e-1 4.8e-1 2.76102e2 2.76102e2
-9.2e-1 4.8e-1 2.72035e2 2.72035e2
-8.8e-1 4.8e-1 2.67656e2 2.67656e2
-8.4e-1 4.8e-1 2.6294e2 2.6294e2
-8.0e-1 4.8e-1 2.57875e2 2.57875e2
-7.6e-1 4.8e-1 2.52406e2 2.52406e2
-7.2e-1 4.8e-1 2.46533e2 2.46533e2
-6.8e-1 4.8e-1 2.40244e2 2.40244e2
-6.4e-1 4.8e-1 2.33537e2 2.33537e2
-6.0e-1 4.8e-1 2.26321e2 2.26321e2
-5.6e-1 4.8e-1 2.18663e2 2.18663e2
-5.2e-1 4.8e-1 2.10493e2 2.10493e2
-4.8e-1 4.8e-1 2.01814e2 2.01814e2
-4.4e-1 4.8e-1 1.926e2 1.926e2
-4.0e-1 4.8e-1 1.82774e2 1.82774e2
-3.6e-1 4.8e-1 1.7238e2 1.7238e2
-3.2e-1 4.8e-1 1.61343e2 1.61343e2
-2.8e-1 4.8e-1 1.496e2 1.496e2
-2.4e-1 4.8e-1 1.37094e2 1.37094e2
-2.0e-1 4.8e-1 1.23677e2 1.23677e2
-1.6e-1 4.8e-1 1.09128e2 1.09128e2
-1.2e-1 4.8e-1 9.307e1 9.307e1
-8.0e-2 4.8e-1 7.4724e1 7.4724e1
-4.0e-2 4.8e-1 5.1823e1 5.1823e1
0.0e0 4.8e-1 0.0e0 0.0e0

-2.0e0 5.0e-1 3.36926e2 3.36926e2
-1.96e0 5.0e-1 3.36443e2 3.36443e2
-1.92e0 5.0e-1 3.3591e2 3.3591e2
-1.88e0 5.0e-1 3.35329e2 3.35329e2
-1.84e0 5.0e-1 3.34691e2 3.34691e2
-1.8e0 5.0e-1 3.33997e2 3.33997e2
-1.76e0 5.0e-1 3.33235e2 3.33235e2
-1.72e0 5.0e-1 3.32404e2 3.32404e2
-1.68e0 5.0e-1 3.31493e2 3.31493e2
-1.64e0 5.0e-1 3.305e2 3.305e2
-1.6e0 5.0e-1 3.29414e2 3.29414e2
-1.56e0 5.0e-1 3.28229e2 3.28229e2
-1.52e0 5.0e-1 3.26933e2 3.26933e2
-1.48e0 5.0e-1 3.2552e2 3.2552e2
-1.44e0 5.0e-1 3.2398e2 3.2398e2
-1.4e0 5.0e-1 3.22302e2 3.22302e2
-1.36e0 5.0e-1 3.20474e2 3.20474e2
-1.32e0 5.0e-1 3.18481e2 3.18481e2
-1.28e0 5.0e-1 3.16315e2 3.16315e2
-1.24e0 5.0e-1 3.13959e2 3.13959e2
-1.2e0 5.0e-1 3.11398e2 3.11398e2
-1.16e0 5.0e-1 3.08618e2 3.08618e2
-1.12e0 5.0e-1 3.05602e2 3.05602e2
-1.08e0 5.0e-1 3.02332e2 3.02332e2
-1.04e0 5.0e-1 2.98792e2 2.98792e2
-1.0e0 5.0e-1 2.94962e2 2.94962e2
-9.6e-1 5.0e-1 2.90839e2 2.90839e2
-9.2e-1 5.0e-1 2.86366e2 2.86366e2
-8.8e-1 5.0e-1 2.81557e2 2.81557e2
-8.4e-1 5.0e-1 2.76385e2 2.76385e2
-8.0e-1 5.0e-1 2.7084e2 2.7084e2
-7.6e-1 5.0e-1 2.64867e2 2.64867e2
-7.2e-1 5.0e-1 2.5846e2 2.5846e2
-6.8e-1 5.0e-1 2.51616e2 2.51616e2
-6.4e-1 5.0e-1 2.44333e2 2.44333e2
-6.0e-1 5.0e-1 2.36517e2 2.36517e2
-5.6e-1 5.0e-1 2.28242e2 2.28242e2
-5.2e-1 5.0e-1 2.1944e2 2.1944e2
-4.8e-1 5.0e-1 2.10115e2 2.10115e2
-4.4e-1 5.0e-1 2.00244e2 2.00244e2
-4.0e-1 5.0e-1 1.89755e2 1.89755e2
-3.6e-1 5.0e-1 1.78694e2 1.78694e2
-3.2e-1 5.0e-1 1.66992e2 1.66992e2
-2.8e-1 5.0e-1 1.54588e2 1.54588e2
-2.4e-1 5.0e-1 1.41428e2 1.41428e2
-2.0e-1 5.0e-1 1.2737e2 1.2737e2
-1.6e-1 5.0e-1 1.1219e2 1.1219e2
-1.2e-1 5.0e-1 9.551e1 9.551e1
-8.0e-2 5.0e-1 7.6544e1 7.6544e1
-4.0e-2 5.0e-1 5.2989e1 5.2989e1
0.0e0 5.0e-1 0.0e0 0.0e0

-2.0e0 5.2e-1 3.5762e2 3.5762e2
-1.96e0 5.2e-1 3.57077e2 3.57077e2
-1.92e0 5.2e-1 3.56483e2 3.56483e2
-1.88e0 5.2e-1 3.55833e2 3.55833e2
-1.84e0 5.2e-1 3.55121e2 3.55121e2
-1.8e0 5.2e-1 3.54343e2 3.54343e2
-1.76e0 5.2e-1 3.53491e2 3.53491e2
-1.72e0 5.2e-1 3.5256e2 3.5256e2
-1.68e0 5.2e-1 3.51544e2 3.51544e2
-1.64e0 5.2e-1 3.50433e2 3.50433e2
-1.6e0 5.2e-1 3.4922e2 3.4922e2
-1.56e0 5.2e-1 3.47897e2 3.47897e2
-1.52e0 5.2e-1 3.46454e2 3.46454e2
-1.48e0 5.2e-1 3.44879e2 3.44879e2
-1.44e0 5.2e-1 3.43163e2 3.43163e2
-1.4e0 5.2e-1 3.41292e2 3.41292e2
-1.36e0 5.2e-1 3.39255e2 3.39255e2
-1.32e0 5.2e-1 3.37039e2 3.37039e2
-1.28e0 5.2e-1 3.34628e2 3.34628e2
-1.24e0 5.2e-1 3.32011e2 3.32011e2
-1.2e0 5.2e-1 3.29169e2 3.29169e2
-1.16e0 5.2e-1 3.26083e2 3.26083e2
-1.12e0 5.2e-1 3.22742e2 3.22742e2
-1.08e0 5.2e-1 3.19124e2 3.19124e2
-1.04e0 5.2e-1 3.15211e2 3.15211e2
-1.0e0 5.2e-1 3.10982e2 3.10982e2
-9.6e-1 5.2e-1 3.06435e2 3.06435e2
-9.2e-1 5.2e-1 3.0151e2 3.0151e2
-8.8e-1 5.2e-1 2.96222e2 2.96222e2
-8.4e-1 5.2e-1 2.90546e2 2.90546e2
-8.0e-1 5.2e-1 2.84471e2 2.84471e2
-7.6e-1 5.2e-1 2.77937e2 2.77937e2
-7.2e-1 5.2e-1 2.70947e2 2.70947e2
-6.8e-1 5.2e-1 2.63495e2 2.63495e2
-6.4e-1 5.2e-1 2.55585e2 2.55585e2
-6.0e-1 5.2e-1 2.47116e2 2.47116e2
-5.6e-1 5.2e-1 2.38174e2 2.38174e2
-5.2e-1 5.2e-1 2.28691e2 2.28691e2
-4.8e-1 5.2e-1 2.1867e2 2.1867e2
-4.4e-1 5.2e-1 2.08101e2 2.08101e2
-4.0e-1 5.2e-1 1.96902e2 1.96902e2
-3.6e-1 5.2e-1 1.85138e2 1.85138e2
-3.2e-1 5.2e-1 1.72736e2 1.72736e2
-2.8e-1 5.2e-1 1.59639e2 1.59639e2
-2.4e-1 5.2e-1 1.45801e2 1.45801e2
-2.0e-1 5.2e-1 1.31078e2 1.31078e2
-1.6e-1 5.2e-1 1.15251e2 1.15251e2
-1.2e-1 5.2e-1 9.7939e1 9.7939e1
-8.0e-2 5.2e-1 7.8348e1 7.8348e1
-4.0e-2 5.2e-1 5.4138e1 5.4138e1
0.0e0 5.2e-1 0.0e0 0.0e0

-2.0e0 5.4e-1 3.79938e2 3.79938e2
-1.96e0 5.4e-1 3.79329e2 3.79329e2
-1.92e0 5.4e-1 3.7866e2 3.7866e2
-1.88e0 5.4e-1 3.7793e2 3.7793e2
-1.84e0 5.4e-1 3.77133e2 3.77133e2
-1.8e0 5.4e-1 3.7626e2 3.7626e2
-1.76e0 5.4e-1 3.75307e2 3.75307e2
-1.72e0 5.4e-1 3.74265e2 3.74265e2
-1.68e0 5.4e-1 3.73126e2 3.73126e2
-1.64e0 5.4e-1 3.71883e2 3.71883e2
-1.6e0 5.4e-1 3.70526e2 3.70526e2
-1.56e0 5.4e-1 3.69046e2 3.69046e2
-1.52e0 5.4e-1 3.6743e2 3.6743e2
-1.48e0 5.4e-1 3.6567e2 3.6567e2
-1.44e0 5.4e-1 3.63753e2 3.63753e2
-1.4e0 5.4e-1 3.61664e2 3.61664e2
-1.36e0 5.4e-1 3.59392e2 3.59392e2
-1.32e0 5.4e-1 3.56921e2 3.56921e2
-1.28e0 5.4e-1 3.54237e2 3.54237e2
-1.24e0 5.4e-1 3.51321e2 3.51321e2
-1.2e0 5.4e-1 3.4816e2 3.4816e2
-1.16e0 5.4e-1 3.44734e2 3.44734e2
-1.12e0 5.4e-1 3.41023e2 3.41023e2
-1.08e0 5.4e-1 3.37013e2 3.37013e2
-1.04e0 5.4e-1 3.3268e2 3.3268e2
-1.0e0 5.4e-1 3.28004e2 3.28004e2
-9.6e-1 5.4e-1 3.22981e2 3.22981e2
-9.2e-1 5.4e-1 3.17554e2 3.17554e2
-8.8e-1 5.4e-1 3.11732e2 3.11732e2
-8.4e-1 5.4e-1 3.05495e2 3.05495e2
-8.0e-1 5.4e-1 2.98833e2 2.98833e2
-7.6e-1 5.4e-1 2.91682e2 2.91682e2
-7.2e-1 5.4e-1 2.8405e2 2.8405e2
-6.8e-1 5.4e-1 2.75932e2 2.75932e2
-6.4e-1 5.4e-1 2.67334e2 2.67334e2
-6.0e-1 5.4e-1 2.58154e2 2.58154e2
-5.6e-1 5.4e-1 2.4849e2 2.4849e2
-5.2e-1 5.4e-1 2.38268e2 2.38268e2
-4.8e-1 5.4e-1 2.27502e2 2.27502e2
-4.4e-1 5.4e-1 2.1618e2 2.1618e2
-4.0e-1 5.4e-1 2.04233e2 2.04233e2
-3.6e-1 5.4e-1 1.9172e2 1.9172e2
-3.2e-1 5.4e-1 1.7858e2 1.7858e2
-2.8e-1 5.4e-1 1.64758e2 1.64758e2
-2.4e-1 5.4e-1 1.50214e2 1.50214e2
-2.0e-1 5.4e-1 1.34805e2 1.34805e2
-1.6e-1 5.4e-1 1.18314e2 1.18314e2
-1.2e-1 5.4e-1 1.00357e2 1.00357e2
-8.0e-2 5.4e-1 8.0136e1 8.0136e1
-4.0e-2 5.4e-1 5.5272e1 5.5272e1
0.0e0 5.4e-1 0.0e0 0.0e0

-2.0e0 5.6e-1 4.04102e2 4.04102e2
-1.96e0 5.6e-1 4.03416e2 4.03416e2
-1.92e0 5.6e-1 4.02666e2 4.02666e2
-1.88e0 5.6e-1 4.01845e2 4.01845e2
-1.84e0 5.6e-1 4.00948e2 4.00948e2
-1.8e0 5.6e-1 3.99966e2 3.99966e2
-1.76e0 5.6e-1 3.98894e2 3.98894e2
-1.72e0 5.6e-1 3.97725e2 3.97725e2
-1.68e0 5.6e-1 3.96446e2 3.96446e2
-1.64e0 5.6e-1 3.9505e2 3.9505e2
-1.6e0 5.6e-1 3.93529e2 3.93529e2
-1.56e0 5.6e-1 3.91866e2 3.91866e2
-1.52e0 5.6e-1 3.90057e2 3.90057e2
-1.48e0 5.6e-1 3.88084e2 3.88084e2
-1.44e0 5.6e-1 3.85938e2 3.85938e2
-1.4e0 5.6e-1 3.83601e2 3.83601e2
-1.36e0 5.6e-1 3.8106e2 3.8106e2
-1.32e0 5.6e-1 3.78297e2 3.78297e2
-1.28e0 5.6e-1 3.753e2 3.753e2
-1.24e0 5.6e-1 3.7205e2 3.7205e2
-1.2e0 5.6e-1 3.68526e2 3.68526e2
-1.16e0 5.6e-1 3.64711e2 3.64711e2
-1.12e0 5.6e-1 3.60587e2 3.60587e2
-1.08e0 5.6e-1 3.5613e2 3.5613e2
-1.04e0 5.6e-1 3.51323e2 3.51323e2
-1.0e0 5.6e-1 3.46144e2 3.46144e2
-9.6e-1 5.6e-1 3.4059e2 3.4059e2
-9.2e-1 5.6e-1 3.34595e2 3.34595e2
-8.8e-1 5.6e-1 3.2818e2 3.2818e2
-8.4e-1 5.6e-1 3.2132e2 3.2132e2
-8.0e-1 5.6e-1 3.14005e2 3.14005e2
-7.6e-1 5.6e-1 3.0617e2 3.0617e2
-7.2e-1 5.6e-1 2.97827e2 2.97827e2
-6.8e-1 5.6e-1 2.88977e2 2.88977e2
-6.4e-1 5.6e-1 2.79626e2 2.79626e2
-6.0e-1 5.6e-1 2.69672e2 2.69672e2
-5.6e-1 5.6e-1 2.5922e2 2.5922e2
-5.2e-1 5.6e-1 2.482e2 2.482e2
-4.8e-1 5.6e-1 2.3663e2 2.3663e2
-4.4e-1 5.6e-1 2.24507e2 2.24507e2
-4.0e-1 5.6e-1 2.11755e2 2.11755e2
-3.6e-1 5.6e-1 1.98453e2 1.98453e2
-3.2e-1 5.6e-1 1.84534e2 1.84534e2
-2.8e-1 5.6e-1 1.69954e2 1.69954e2
-2.4e-1 5.6e-1 1.54674e2 1.54674e2
-2.0e-1 5.6e-1 1.38556e2 1.38556e2
-1.6e-1 5.6e-1 1.21382e2 1.21382e2
-1.2e-1 5.6e-1 1.0277e2 1.0277e2
-8.0e-2 5.6e-1 8.1909e1 8.1909e1
-4.0e-2 5.6e-1 5.639e1 5.639e1
0.0e0 5.6e-1 0.0e0 0.0e0

-2.0e0 5.8e-1 4.30379e2 4.30379e2
-1.96e0 5.8e-1 4.29604e2 4.29604e2
-1.92e0 5.8e-1 4.28757e2 4.28757e2
-1.88e0 5.8e-1 4.27832e2 4.27832e2
-1.84e0 5.8e-1 4.26819e2 4.26819e2
-1.8e0 5.8e-1 4.25714e2 4.25714e2
-1.76e0 5.8e-1 4.24506e2 4.24506e2
-1.72e0 5.8e-1 4.23186e2 4.23186e2
-1.68e0 5.8e-1 4.21745e2 4.21745e2
-1.64e0 5.8e-1 4.20175e2 4.20175e2
-1.6e0 5.8e-1 4.18462e2 4.18462e2
-1.56e0 5.8e-1 4.16592e2 4.16592e2
-1.52e0 5.8e-1 4.14558e2 4.14558e2
-1.48e0 5.8e-1 4.12343e2 4.12343e2
-1.44e0 5.8e-1 4.0993e2 4.0993e2
-1.4e0 5.8e-1 4.0731e2 4.0731e2
-1.36e0 5.8e-1 4.04462e2 4.04462e2
-1.32e0 5.8e-1 4.01369e2 4.01369e2
-1.28e0 5.8e-1 3.98012e2 3.98012e2
-1.24e0 5.8e-1 3.94377e2 3.94377e2
-1.2e0 5.8e-1 3.9044e2 3.9044e2
-1.16e0 5.8e-1 3.86185e2 3.86185e2
-1.12e0 5.8e-1 3.81587e2 3.81587e2
-1.08e0 5.8e-1 3.76627e2 3.76627e2
-1.04e0 5.8e-1 3.71284e2 3.71284e2
-1.0e0 5.8e-1 3.65536e2 3.65536e2
-9.6e-1 5.8e-1 3.59383e2 3.59383e2
-9.2e-1 5.8e-1 3.52753e2 3.52753e2
-8.8e-1 5.8e-1 3.4567e2 3.4567e2
-8.4e-1 5.8e-1 3.3811e2 3.3811e2
-8.0e-1 5.8e-1 3.3007e2 3.3007e2
-7.6e-1 5.8e-1 3.21478e2 3.21478e2
-7.2e-1 5.8e-1 3.12349e2 3.12349e2
-6.8e-1 5.8e-1 3.02689e2 3.02689e2
-6.4e-1 5.8e-1 2.92513e2 2.92513e2
-6.0e-1 5.8e-1 2.8171e2 2.8171e2
-5.6e-1 5.8e-1 2.70401e2 2.70401e2
-5.2e-1 5.8e-1 2.58516e2 2.58516e2
-4.8e-1 5.8e-1 2.46083e2 2.46083e2
-4.4e-1 5.8e-1 2.33096e2 2.33096e2
-4.0e-1 5.8e-1 2.19489e2 2.19489e2
-3.6e-1 5.8e-1 2.05345e2 2.05345e2
-3.2e-1 5.8e-1 1.90607e2 1.90607e2
-2.8e-1 5.8e-1 1.7523e2 1.7523e2
-2.4e-1 5.8e-1 1.59184e2 1.59184e2
-2.0e-1 5.8e-1 1.42332e2 1.42332e2
-1.6e-1 5.8e-1 1.24457e2 1.24457e2
-1.2e-1 5.8e-1 1.05174e2 1.05174e2
-8.0e-2 5.8e-1 8.367e1 8.367e1
-4.0e-2 5.8e-1 5.7494e1 5.7494e1
0.0e0 5.8e-1 0.0e0 0.0e0

-2.0e0 6.0e-1 4.59084e2 4.59084e2
-1.96e0 6.0e-1 4.58208e2 4.58208e2
-1.92e0 6.0e-1 4.57248e2 4.57248e2
-1.88e0 6.0e-1 4.562e2 4.562e2
-1.84e0 6.0e-1 4.55054e2 4.55054e2
-1.8e0 6.0e-1 4.53802e2 4.53802e2
-1.76e0 6.0e-1 4.52437e2 4.52437e2
-1.72e0 6.0e-1 4.50946e2 4.50946e2
-1.68e0 6.0e-1 4.49318e2 4.49318e2
-1.64e0 6.0e-1 4.47543e2 4.47543e2
-1.6e0 6.0e-1 4.45609e2 4.45609e2
-1.56e0 6.0e-1 4.43501e2 4.43501e2
-1.52e0 6.0e-1 4.41206e2 4.41206e2
-1.48e0 6.0e-1 4.38708e2 4.38708e2
-1.44e0 6.0e-1 4.35992e2 4.35992e2
-1.4e0 6.0e-1 4.33041e2 4.33041e2
-1.36e0 6.0e-1 4.29839e2 4.29839e2
-1.32e0 6.0e-1 4.26363e2 4.26363e2
-1.28e0 6.0e-1 4.22595e2 4.22595e2
-1.24e0 6.0e-1 4.1852e2 4.1852e2
-1.2e0 6.0e-1 4.1411e2 4.1411e2
-1.16e0 6.0e-1 4.09348e2 4.09348e2
-1.12e0 6.0e-1 4.04211e2 4.04211e2
-1.08e0 6.0e-1 3.98679e2 3.98679e2
-1.04e0 6.0e-1 3.92728e2 3.92728e2
-1.0e0 6.0e-1 3.86334e2 3.86334e2
-9.6e-1 6.0e-1 3.79501e2 3.79501e2
-9.2e-1 6.0e-1 3.72154e2 3.72154e2
-8.8e-1 6.0e-1 3.64322e2 3.64322e2
-8.4e-1 6.0e-1 3.55978e2 3.55978e2
-8.0e-1 6.0e-1 3.47127e2 3.47127e2
-7.6e-1 6.0e-1 3.37689e2 3.37689e2
-7.2e-1 6.0e-1 3.27689e2 3.27689e2
-6.8e-1 6.0e-1 3.17136e2 3.17136e2
-6.4e-1 6.0e-1 3.06049e2 3.06049e2
-6.0e-1 6.0e-1 2.94315e2 2.94315e2
-5.6e-1 6.0e-1 2.82074e2 2.82074e2
-5.2e-1 6.0e-1 2.6925e2 2.6925e2
-4.8e-1 6.0e-1 2.55882e2 2.55882e2
-4.4e-1 6.0e-1 2.4197e2 2.4197e2
-4.0e-1 6.0e-1 2.27446e2 2.27446e2
-3.6e-1 6.0e-1 2.1241e2 2.1241e2
-3.2e-1 6.0e-1 1.96806e2 1.96806e2
-2.8e-1 6.0e-1 1.80595e2 1.80595e2
-2.4e-1 6.0e-1 1.63751e2 1.63751e2
-2.0e-1 6.0e-1 1.46138e2 1.46138e2
-1.6e-1 6.0e-1 1.27542e2 1.27542e2
-1.2e-1 6.0e-1 1.07576e2 1.07576e2
-8.0e-2 6.0e-1 8.5419e1 8.5419e1
-4.0e-2 6.0e-1 5.8586e1 5.8586e1
0.0e0 6.0e-1 0.0e0 0.0e0

-2.0e0 6.2e-1 4.90596e2 4.90596e2
-1.96e0 6.2e-1 4.89601e2 4.89601e2
-1.92e0 6.2e-1 4.88512e2 4.88512e2
-1.88e0 6.2e-1 4.8732e2 4.8732e2
-1.84e0 6.2e-1 4.86018e2 4.86018e2
-1.8e0 6.2e-1 4.84596e2 4.84596e2
-1.76e0 6.2e-1 4.83044e2 4.83044e2
-1.72e0 6.2e-1 4.81354e2 4.81354e2
-1.68e0 6.2e-1 4.79507e2 4.79507e2
-1.64e0 6.2e-1 4.77493e2 4.77493e2
-1.6e0 6.2e-1 4.753e2 4.753e2
-1.56e0 6.2e-1 4.72914e2 4.72914e2
-1.52e0 6.2e-1 4.70316e2 4.70316e2
-1.48e0 6.2e-1 4.67491e2 4.67491e2
-1.44e0 6.2e-1 4.64423e2 4.64423e2
-1.4e0 6.2e-1 4.6109e2 4.6109e2
-1.36e0 6.2e-1 4.57474e2 4.57474e2
-1.32e0 6.2e-1 4.53555e2 4.53555e2
-1.28e0 6.2e-1 4.49315e2 4.49315e2
-1.24e0 6.2e-1 4.4473e2 4.4473e2
-1.2e0 6.2e-1 4.39777e2 4.39777e2
-1.16e0 6.2e-1 4.34431e2 4.34431e2
-1.12e0 6.2e-1 4.28677e2 4.28677e2
-1.08e0 6.2e-1 4.22487e2 4.22487e2
-1.04e0 6.2e-1 4.1584e2 4.1584e2
-1.0e0 6.2e-1 4.08714e2 4.08714e2
-9.6e-1 6.2e-1 4.01111e2 4.01111e2
-9.2e-1 6.2e-1 3.9295e2 3.9295e2
-8.8e-1 6.2e-1 3.84271e2 3.84271e2
-8.4e-1 6.2e-1 3.75047e2 3.75047e2
-8.0e-1 6.2e-1 3.65285e2 3.65285e2
-7.6e-1 6.2e-1 3.54903e2 3.54903e2
-7.2e-1 6.2e-1 3.43932e2 3.43932e2
-6.8e-1 6.2e-1 3.32387e2 3.32387e2
-6.4e-1 6.2e-1 3.20297e2 3.20297e2
-6.0e-1 6.2e-1 3.07542e2 3.07542e2
-5.6e-1 6.2e-1 2.9428e2 2.9428e2
-5.2e-1 6.2e-1 2.80437e2 2.80437e2
-4.8e-1 6.2e-1 2.66055e2 2.66055e2
-4.4e-1 6.2e-1 2.51147e2 2.51147e2
-4.0e-1 6.2e-1 2.35645e2 2.35645e2
-3.6e-1 6.2e-1 2.19661e2 2.19661e2
-3.2e-1 6.2e-1 2.03142e2 2.03142e2
-2.8e-1 6.2e-1 1.86053e2 1.86053e2
-2.4e-1 6.2e-1 1.68375e2 1.68375e2
-2.0e-1 6.2e-1 1.49974e2 1.49974e2
-1.6e-1 6.2e-1 1.30637e2 1.30637e2
-1.2e-1 6.2e-1 1.09975e2 1.09975e2
-8.0e-2 6.2e-1 8.7158e1 8.7158e1
-4.0e-2 6.2e-1 5.9665e1 5.9665e1
0.0e0 6.2e-1 0.0e0 0.0e0

-2.0e0 6.4e-1 5.25385e2 5.25385e2
-1.96e0 6.4e-1 5.24245e2 5.24245e2
-1.92e0 6.4e-1 5.23e2 5.23e2
-1.88e0 6.4e-1 5.2164e2 5.2164e2
-1.84e0 6.4e-1 5.20154e2 5.20154e2
-1.8e0 6.4e-1 5.18533e2 5.18533e2
-1.76e0 6.4e-1 5.16763e2 5.16763e2
-1.72e0 6.4e-1 5.14835e2 5.14835e2
-1.68e0 6.4e-1 5.1273e2 5.1273e2
-1.64e0 6.4e-1 5.10439e2 5.10439e2
-1.6e0 6.4e-1 5.07944e2 5.07944e2
-1.56e0 6.4e-1 5.05228e2 5.05228e2
-1.52e0 6.4e-1 5.02275e2 5.02275e2
-1.48e0 6.4e-1 4.99069e2 4.99069e2
-1.44e0 6.4e-1 4.95586e2 4.95586e2
-1.4e0 6.4e-1 4.91805e2 4.91805e2
-1.36e0 6.4e-1 4.8771e2 4.8771e2
-1.32e0 6.4e-1 4.83276e2 4.83276e2
-1.28e0 6.4e-1 4.78484e2 4.78484e2
-1.24e0 6.4e-1 4.73308e2 4.73308e2
-1.2e0 6.4e-1 4.67723e2 4.67723e2
-1.16e0 6.4e-1 4.6171e2 4.6171e2
-1.12e0 6.4e-1 4.55241e2 4.55241e2
-1.08e0 6.4e-1 4.48296e2 4.48296e2
-1.04e0 6.4e-1 4.4085e2 4.4085e2
-1.0e0 6.4e-1 4.32883e2 4.32883e2
-9.6e-1 6.4e-1 4.244e2 4.244e2
-9.2e-1 6.4e-1 4.15315e2 4.15315e2
-8.8e-1 6.4e-1 4.05676e2 4.05676e2
-8.4e-1 6.4e-1 3.95457e2 3.95457e2
-8.0e-1 6.4e-1 3.8467e2 3.8467e2
-7.6e-1 6.4e-1 3.73227e2 3.73227e2
-7.2e-1 6.4e-1 3.61171e2 3.61171e2
-6.8e-1 6.4e-1 3.48528e2 3.48528e2
-6.4e-1 6.4e-1 3.35327e2 3.35327e2
-6.0e-1 6.4e-1 3.2145e2 3.2145e2
-5.6e-1 6.4e-1 3.07068e2 3.07068e2
-5.2e-1 6.4e-1 2.92111e2 2.92111e2
-4.8e-1 6.4e-1 2.76636e2 2.76636e2
-4.4e-1 6.4e-1 2.60654e2 2.60654e2
-4.0e-1 6.4e-1 2.44102e2 2.44102e2
-3.6e-1 6.4e-1 2.27107e2 2.27107e2
-3.2e-1 6.4e-1 2.09622e2 2.09622e2
-2.8e-1 6.4e-1 1.9161e2 1.9161e2
-2.4e-1 6.4e-1 1.73064e2 1.73064e2
-2.0e-1 6.4e-1 1.53847e2 1.53847e2
-1.6e-1 6.4e-1 1.33746e2 1.33746e2
-1.2e-1 6.4e-1 1.12372e2 1.12372e2
-8.0e-2 6.4e-1 8.8885e1 8.8885e1
-4.0e-2 6.4e-1 6.0732e1 6.0732e1
0.0e0 6.4e-1 0.0e0 0.0e0

-2.0e0 6.6e-1 5.64008e2 5.64008e2
-1.96e0 6.6e-1 5.62701e2 5.62701e2
-1.92e0 6.6e-1 5.61272e2 5.61272e2
-1.88e0 6.6e-1 5.5971e2 5.5971e2
-1.84e0 6.6e-1 5.58005e2 5.58005e2
-1.8e0 6.6e-1 5.56145e2 5.56145e2
-1.76e0 6.6e-1 5.54118e2 5.54118e2
-1.72e0 6.6e-1 5.51907e2 5.51907e2
-1.68e0 6.6e-1 5.49501e2 5.49501e2
-1.64e0 6.6e-1 5.46877e2 5.46877e2
-1.6e0 6.6e-1 5.44023e2 5.44023e2
-1.56e0 6.6e-1 5.40921e2 5.40921e2
-1.52e0 6.6e-1 5.37549e2 5.37549e2
-1.48e0 6.6e-1 5.33888e2 5.33888e2
-1.44e0 6.6e-1 5.2992e2 5.2992e2
-1.4e0 6.6e-1 5.25616e2 5.25616e2
-1.36e0 6.6e-1 5.20958e2 5.20958e2
-1.32e0 6.6e-1 5.15921e2 5.15921e2
-1.28e0 6.6e-1 5.10481e2 5.10481e2
-1.24e0 6.6e-1 5.04614e2 5.04614e2
-1.2e0 6.6e-1 4.98296e2 4.98296e2
-1.16e0 6.6e-1 4.91501e2 4.91501e2
-1.12e0 6.6e-1 4.84204e2 4.84204e2
-1.08e0 6.6e-1 4.76382e2 4.76382e2
-1.04e0 6.6e-1 4.68018e2 4.68018e2
-1.0e0 6.6e-1 4.59084e2 4.59084e2
-9.6e-1 6.6e-1 4.49593e2 4.49593e2
-9.2e-1 6.6e-1 4.39452e2 4.39452e2
-8.8e-1 6.6e-1 4.28719e2 4.28719e2
-8.4e-1 6.6e-1 4.17369e2 4.17369e2
-8.0e-1 6.6e-1 4.05421e2 4.05421e2
-7.6e-1 6.6e-1 3.9279e2 3.9279e2
-7.2e-1 6.6e-1 3.7952e2 3.7952e2
-6.8e-1 6.6e-1 3.6565e2 3.6565e2
-6.4e-1 6.6e-1 3.51216e2 3.51216e2
-6.0e-1 6.6e-1 3.36098e2 3.36098e2
-5.6e-1 6.6e-1 3.2049e2 3.2049e2
-5.2e-1 6.6e-1 3.04317e2 3.04317e2
-4.8e-1 6.6e-1 2.8765e2 2.8765e2
-4.4e-1 6.6e-1 2.70511e2 2.70511e2
-4.0e-1 6.6e-1 2.52837e2 2.52837e2
-3.6e-1 6.6e-1 2.34767e2 2.34767e2
-3.2e-1 6.6e-1 2.16255e2 2.16255e2
-2.8e-1 6.6e-1 1.97273e2 1.97273e2
-2.4e-1 6.6e-1 1.77818e2 1.77818e2
-2.0e-1 6.6e-1 1.57756e2 1.57756e2
-1.6e-1 6.6e-1 1.3687e2 1.3687e2
-1.2e-1 6.6e-1 1.14769e2 1.14769e2
-8.0e-2 6.6e-1 9.0605e1 9.0605e1
-4.0e-2 6.6e-1 6.1789e1 6.1789e1
0.0e0 6.6e-1 0.0e0 0.0e0

-2.0e0 6.8e-1 6.0718e2 6.0718e2
-1.96e0 6.8e-1 6.0567e2 6.0567e2
-1.92e0 6.8e-1 6.0402e2 6.0402e2
-1.88e0 6.8e-1 6.0222e2 6.0222e2
-1.84e0 6.8e-1 6.0025e2 6.0025e2
-1.8e0 6.8e-1 5.981e2 5.981e2
-1.76e0 6.8e-1 5.9576e2 5.9576e2
-1.72e0 6.8e-1 5.9322e2 5.9322e2
-1.68e0 6.8e-1 5.90443e2 5.90443e2
-1.64e0 6.8e-1 5.87427e2 5.87427e2
-1.6e0 6.8e-1 5.84146e2 5.84146e2
-1.56e0 6.8e-1 5.8058e2 5.8058e2
-1.52e0 6.8e-1 5.7671e2 5.7671e2
-1.48e0 6.8e-1 5.72514e2 5.72514e2
-1.44e0 6.8e-1 5.67964e2 5.67964e2
-1.4e0 6.8e-1 5.63042e2 5.63042e2
-1.36e0 6.8e-1 5.57716e2 5.57716e2
-1.32e0 6.8e-1 5.51965e2 5.51965e2
-1.28e0 6.8e-1 5.45766e2 5.45766e2
-1.24e0 6.8e-1 5.39087e2 5.39087e2
-1.2e0 6.8e-1 5.31905e2 5.31905e2
-1.16e0 6.8e-1 5.24196e2 5.24196e2
-1.12e0 6.8e-1 5.15933e2 5.15933e2
-1.08e0 6.8e-1 5.07095e2 5.07095e2
-1.04e0 6.8e-1 4.9766e2 4.9766e2
-1.0e0 6.8e-1 4.87605e2 4.87605e2
-9.6e-1 6.8e-1 4.76952e2 4.76952e2
-9.2e-1 6.8e-1 4.65598e2 4.65598e2
-8.8e-1 6.8e-1 4.53612e2 4.53612e2
-8.4e-1 6.8e-1 4.40974e2 4.40974e2
-8.0e-1 6.8e-1 4.27713e2 4.27713e2
-7.6e-1 6.8e-1 4.13733e2 4.13733e2
-7.2e-1 6.8e-1 3.991e2 3.991e2
-6.8e-1 6.8e-1 3.83855e2 3.83855e2
-6.4e-1 6.8e-1 3.68053e2 3.68053e2
-6.0e-1 6.8e-1 3.5156e2 3.5156e2
-5.6e-1 6.8e-1 3.346e2 3.346e2
-5.2e-1 6.8e-1 3.171e2 3.171e2
-4.8e-1 6.8e-1 2.9914e2 2.9914e2
-4.4e-1 6.8e-1 2.8075e2 2.8075e2
-4.0e-1 6.8e-1 2.61867e2 2.61867e2
-3.6e-1 6.8e-1 2.4265e2 2.4265e2
-3.2e-1 6.8e-1 2.23051e2 2.23051e2
-2.8e-1 6.8e-1 2.03052e2 2.03052e2
-2.4e-1 6.8e-1 1.82648e2 1.82648e2
-2.0e-1 6.8e-1 1.61705e2 1.61705e2
-1.6e-1 6.8e-1 1.40012e2 1.40012e2
-1.2e-1 6.8e-1 1.17168e2 1.17168e2
-8.0e-2 6.8e-1 9.2317e1 9.2317e1
-4.0e-2 6.8e-1 6.2836e1 6.2836e1
0.0e0 6.8e-1 0.0e0 0.0e0

-2.0e0 7.0e-1 6.5578e2 6.5578e2
-1.96e0 7.0e-1 6.54e2 6.54e2
-1.92e0 7.0e-1 6.521e2 6.521e2
-1.88e0 7.0e-1 6.5001e2 6.5001e2
-1.84e0 7.0e-1 6.4772e2 6.4772e2
-1.8e0 7.0e-1 6.4523e2 6.4523e2
-1.76e0 7.0e-1 6.4252e2 6.4252e2
-1.72e0 7.0e-1 6.3956e2 6.3956e2
-1.68e0 7.0e-1 6.3635e2 6.3635e2
-1.64e0 7.0e-1 6.3286e2 6.3286e2
-1.6e0 7.0e-1 6.2906e2 6.2906e2
-1.56e0 7.0e-1 6.2494e2 6.2494e2
-1.52e0 7.0e-1 6.2047e2 6.2047e2
-1.48e0 7.0e-1 6.1563e2 6.1563e2
-1.44e0 7.0e-1 6.1038e2 6.1038e2
-1.4e0 7.0e-1 6.0472e2 6.0472e2
-1.36e0 7.0e-1 5.986e2 5.986e2
-1.32e0 7.0e-1 5.92e2 5.92e2
-1.28e0 7.0e-1 5.84895e2 5.84895e2
-1.24e0 7.0e-1 5.77254e2 5.77254e2
-1.2e0 7.0e-1 5.69052e2 5.69052e2
-1.16e0 7.0e-1 5.60266e2 5.60266e2
-1.12e0 7.0e-1 5.50867e2 5.50867e2
-1.08e0 7.0e-1 5.40833e2 5.40833e2
-1.04e0 7.0e-1 5.30148e2 5.30148e2
-1.0e0 7.0e-1 5.18791e2 5.18791e2
-9.6e-1 7.0e-1 5.06789e2 5.06789e2
-9.2e-1 7.0e-1 4.9403e2 4.9403e2
-8.8e-1 7.0e-1 4.80605e2 4.80605e2
-8.4e-1 7.0e-1 4.66495e2 4.66495e2
-8.0e-1 7.0e-1 4.51733e2 4.51733e2
-7.6e-1 7.0e-1 4.36227e2 4.36227e2
-7.2e-1 7.0e-1 4.20053e2 4.20053e2
-6.8e-1 7.0e-1 4.03265e2 4.03265e2
-6.4e-1 7.0e-1 3.85934e2 3.85934e2
-6.0e-1 7.0e-1 3.67915e2 3.67915e2
-5.6e-1 7.0e-1 3.49466e2 3.49466e2
-5.2e-1 7.0e-1 3.30511e2 3.30511e2
-4.8e-1 7.0e-1 3.11142e2 3.11142e2
-4.4e-1 7.0e-1 2.91396e2 2.91396e2
-4.0e-1 7.0e-1 2.71216e2 2.71216e2
-3.6e-1 7.0e-1 2.50774e2 2.50774e2
-3.2e-1 7.0e-1 2.30025e2 2.30025e2
-2.8e-1 7.0e-1 2.0895e2 2.0895e2
-2.4e-1 7.0e-1 1.8755e2 1.8755e2
-2.0e-1 7.0e-1 1.65698e2 1.65698e2
-1.6e-1 7.0e-1 1.43172e2 1.43172e2
-1.2e-1 7.0e-1 1.19568e2 1.19568e2
-8.0e-2 7.0e-1 9.4022e1 9.4022e1
-4.0e-2 7.0e-1 6.3872e1 6.3872e1
0.0e0 7.0e-1 0.0e0 0.0e0

-2.0e0 7.2e-1 7.1092e2 7.1092e2
-1.96e0 7.2e-1 7.0886e2 7.0886e2
-1.92e0 7.2e-1 7.0662e2 7.0662e2
-1.88e0 7.2e-1 7.0416e2 7.0416e2
-1.84e0 7.2e-1 7.0149e2 7.0149e2
-1.8e0 7.2e-1 6.9858e2 6.9858e2
-1.76e0 7.2e-1 6.954e2 6.954e2
-1.72e0 7.2e-1 6.9196e2 6.9196e2
-1.68e0 7.2e-1 6.882e2 6.882e2
-1.64e0 7.2e-1 6.8414e2 6.8414e2
-1.6e0 7.2e-1 6.7972e2 6.7972e2
-1.56e0 7.2e-1 6.7491e2 6.7491e2
-1.52e0 7.2e-1 6.6972e2 6.6972e2
-1.48e0 7.2e-1 6.641e2 6.641e2
-1.44e0 7.2e-1 6.5802e2 6.5802e2
-1.4e0 7.2e-1 6.5146e2 6.5146e2
-1.36e0 7.2e-1 6.4438e2 6.4438e2
-1.32e0 7.2e-1 6.3676e2 6.3676e2
-1.28e0 7.2e-1 6.2857e2 6.2857e2
-1.24e0 7.2e-1 6.1978e2 6.1978e2
-1.2e0 7.2e-1 6.1035e2 6.1035e2
-1.16e0 7.2e-1 6.0028e2 6.0028e2
-1.12e0 7.2e-1 5.8954e2 5.8954e2
-1.08e0 7.2e-1 5.78096e2 5.78096e2
-1.04e0 7.2e-1 5.65942e2 5.65942e2
-1.0e0 7.2e-1 5.53056e2 5.53056e2
-9.6e-1 7.2e-1 5.39476e2 5.39476e2
-9.2e-1 7.2e-1 5.25092e2 5.25092e2
-8.8e-1 7.2e-1 5.09998e2 5.09998e2
-8.4e-1 7.2e-1 4.9419e2 4.9419e2
-8.0e-1 7.2e-1 4.77708e2 4.77708e2
-7.6e-1 7.2e-1 4.60463e2 4.60463e2
-7.2e-1 7.2e-1 4.42543e2 4.42543e2
-6.8e-1 7.2e-1 4.24019e2 4.24019e2
-6.4e-1 7.2e-1 4.04973e2 4.04973e2
-6.0e-1 7.2e-1 3.85258e2 3.85258e2
-5.6e-1 7.2e-1 3.6516e2 3.6516e2
-5.2e-1 7.2e-1 3.44604e2 3.44604e2
-4.8e-1 7.2e-1 3.23697e2 3.23697e2
-4.4e-1 7.2e-1 3.02483e2 3.02483e2
-4.0e-1 7.2e-1 2.80907e2 2.80907e2
-3.6e-1 7.2e-1 2.59154e2 2.59154e2
-3.2e-1 7.2e-1 2.3718e2 2.3718e2
-2.8e-1 7.2e-1 2.14973e2 2.14973e2
-2.4e-1 7.2e-1 1.92538e2 1.92538e2
-2.0e-1 7.2e-1 1.69737e2 1.69737e2
-1.6e-1 7.2e-1 1.46352e2 1.46352e2
-1.2e-1 7.2e-1 1.21973e2 1.21973e2
-8.0e-2 7.2e-1 9.572e1 9.572e1
-4.0e-2 7.2e-1 6.4899e1 6.4899e1
0.0e0 7.2e-1 0.0e0 0.0e0

-2.0e0 7.4e-1 7.7411e2 7.7411e2
-1.96e0 7.4e-1 7.7167e2 7.7167e2
-1.92e0 7.4e-1 7.6901e2 7.6901e2
-1.88e0 7.4e-1 7.6611e2 7.6611e2
-1.84e0 7.4e-1 7.6295e2 7.6295e2
-1.8e0 7.4e-1 7.5952e2 7.5952e2
-1.76e0 7.4e-1 7.5578e2 7.5578e2
-1.72e0 7.4e-1 7.5172e2 7.5172e2
-1.68e0 7.4e-1 7.473e2 7.473e2
-1.64e0 7.4e-1 7.4251e2 7.4251e2
-1.6e0 7.4e-1 7.3732e2 7.3732e2
-1.56e0 7.4e-1 7.3169e2 7.3169e2
-1.52e0 7.4e-1 7.256e2 7.256e2
-1.48e0 7.4e-1 7.1902e2 7.1902e2
-1.44e0 7.4e-1 7.1191e2 7.1191e2
-1.4e0 7.4e-1 7.0425e2 7.0425e2
-1.36e0 7.4e-1 6.9601e2 6.9601e2
-1.32e0 7.4e-1 6.8715e2 6.8715e2
-1.28e0 7.4e-1 6.7764e2 6.7764e2
-1.24e0 7.4e-1 6.6747e2 6.6747e2
-1.2e0 7.4e-1 6.5659e2 6.5659e2
-1.16e0 7.4e-1 6.4497e2 6.4497e2
-1.12e0 7.4e-1 6.3261e2 6.3261e2
-1.08e0 7.4e-1 6.1949e2 6.1949e2
-1.04e0 7.4e-1 6.0559e2 6.0559e2
-1.0e0 7.4e-1 5.90901e2 5.90901e2
-9.6e-1 7.4e-1 5.7547e2 5.7547e2
-9.2e-1 7.4e-1 5.59175e2 5.59175e2
-8.8e-1 7.4e-1 5.42142e2 5.42142e2
-8.4e-1 7.4e-1 5.24364e2 5.24364e2
-8.0e-1 7.4e-1 5.05907e2 5.05907e2
-7.6e-1 7.4e-1 4.86667e2 4.86667e2
-7.2e-1 7.4e-1 4.6676e2 4.6676e2
-6.8e-1 7.4e-1 4.4627e2 4.4627e2
-6.4e-1 7.4e-1 4.25299e2 4.25299e2
-6.0e-1 7.4e-1 4.03688e2 4.03688e2
-5.6e-1 7.4e-1 3.81763e2 3.81763e2
-5.2e-1 7.4e-1 3.59444e2 3.59444e2
-4.8e-1 7.4e-1 3.36853e2 3.36853e2
-4.4e-1 7.4e-1 3.14044e2 3.14044e2
-4.0e-1 7.4e-1 2.90959e2 2.90959e2
-3.6e-1 7.4e-1 2.67804e2 2.67804e2
-3.2e-1 7.4e-1 2.44533e2 2.44533e2
-2.8e-1 7.4e-1 2.21133e2 2.21133e2
-2.4e-1 7.4e-1 1.97607e2 1.97607e2
-2.0e-1 7.4e-1 1.73825e2 1.73825e2
-1.6e-1 7.4e-1 1.49554e2 1.49554e2
-1.2e-1 7.4e-1 1.2438e2 1.2438e2
-8.0e-2 7.4e-1 9.7412e1 9.7412e1
-4.0e-2 7.4e-1 6.5918e1 6.5918e1
0.0e0 7.4e-1 0.0e0 0.0e0

-2.0e0 7.6e-1 8.4723e2 8.4723e2
-1.96e0 7.6e-1 8.4431e2 8.4431e2
-1.92e0 7.6e-1 8.4114e2 8.4114e2
-1.88e0 7.6e-1 8.3768e2 8.3768e2
-1.84e0 7.6e-1 8.3392e2 8.3392e2
-1.8e0 7.6e-1 8.2982e2 8.2982e2
-1.76e0 7.6e-1 8.2536e2 8.2536e2
-1.72e0 7.6e-1 8.2054e2 8.2054e2
-1.68e0 7.6e-1 8.1529e2 8.1529e2
-1.64e0 7.6e-1 8.096e2 8.096e2
-1.6e0 7.6e-1 8.0345e2 8.0345e2
-1.56e0 7.6e-1 7.9678e2 7.9678e2
-1.52e0 7.6e-1 7.8958e2 7.8958e2
-1.48e0 7.6e-1 7.8181e2 7.8181e2
-1.44e0 7.6e-1 7.7344e2 7.7344e2
-1.4e0 7.6e-1 7.6443e2 7.6443e2
-1.36e0 7.6e-1 7.5475e2 7.5475e2
-1.32e0 7.6e-1 7.4437e2 7.4437e2
-1.28e0 7.6e-1 7.3325e2 7.3325e2
-1.24e0 7.6e-1 7.2136e2 7.2136e2
-1.2e0 7.6e-1 7.087e2 7.087e2
-1.16e0 7.6e-1 6.9522e2 6.9522e2
-1.12e0 7.6e-1 6.8092e2 6.8092e2
-1.08e0 7.6e-1 6.6577e2 6.6577e2
-1.04e0 7.6e-1 6.4978e2 6.4978e2
-1.0e0 7.6e-1 6.3295e2 6.3295e2
-9.6e-1 7.6e-1 6.1531e2 6.1531e2
-9.2e-1 7.6e-1 5.9677e2 5.9677e2
-8.8e-1 7.6e-1 5.77461e2 5.77461e2
-8.4e-1 7.6e-1 5.57391e2 5.57391e2
-8.0e-1 7.6e-1 5.3664e2 5.3664e2
-7.6e-1 7.6e-1 5.15108e2 5.15108e2
-7.2e-1 7.6e-1 4.92928e2 4.92928e2
-6.8e-1 7.6e-1 4.70206e2 4.70206e2
-6.4e-1 7.6e-1 4.47057e2 4.47057e2
-6.0e-1 7.6e-1 4.23323e2 4.23323e2
-5.6e-1 7.6e-1 3.99364e2 3.99364e2
-5.2e-1 7.6e-1 3.75098e2 3.75098e2
-4.8e-1 7.6e-1 3.5066e2 3.5066e2
-4.4e-1 7.6e-1 3.26117e2 3.26117e2
-4.0e-1 7.6e-1 3.01405e2 3.01405e2
-3.6e-1 7.6e-1 2.76747e2 2.76747e2
-3.2e-1 7.6e-1 2.52094e2 2.52094e2
-2.8e-1 7.6e-1 2.27432e2 2.27432e2
-2.4e-1 7.6e-1 2.02773e2 2.02773e2
-2.0e-1 7.6e-1 1.77965e2 1.77965e2
-1.6e-1 7.6e-1 1.5278e2 1.5278e2
-1.2e-1 7.6e-1 1.26796e2 1.26796e2
-8.0e-2 7.6e-1 9.9101e1 9.9101e1
-4.0e-2 7.6e-1 6.6928e1 6.6928e1
0.0e0 7.6e-1 0.0e0 0.0e0

-2.0e0 7.8e-1 9.329e2 9.329e2
-1.96e0 7.8e-1 9.2938e2 9.2938e2
-1.92e0 7.8e-1 9.2554e2 9.2554e2
-1.88e0 7.8e-1 9.2136e2 9.2136e2
-1.84e0 7.8e-1 9.1682e2 9.1682e2
-1.8e0 7.8e-1 9.1188e2 9.1188e2
-1.76e0 7.8e-1 9.0652e2 9.0652e2
-1.72e0 7.8e-1 9.007e2 9.007e2
-1.68e0 7.8e-1 8.944e2 8.944e2
-1.64e0 7.8e-1 8.8757e2 8.8757e2
-1.6e0 7.8e-1 8.8019e2 8.8019e2
-1.56e0 7.8e-1 8.7221e2 8.7221e2
-1.52e0 7.8e-1 8.636e2 8.636e2
-1.48e0 7.8e-1 8.5434e2 8.5434e2
-1.44e0 7.8e-1 8.4436e2 8.4436e2
-1.4e0 7.8e-1 8.3366e2 8.3366e2
-1.36e0 7.8e-1 8.2217e2 8.2217e2
-1.32e0 7.8e-1 8.0989e2 8.0989e2
-1.28e0 7.8e-1 7.9677e2 7.9677e2
-1.24e0 7.8e-1 7.8279e2 7.8279e2
-1.2e0 7.8e-1 7.6793e2 7.6793e2
-1.16e0 7.8e-1 7.5217e2 7.5217e2
-1.12e0 7.8e-1 7.3549e2 7.3549e2
-1.08e0 7.8e-1 7.179e2 7.179e2
-1.04e0 7.8e-1 6.9937e2 6.9937e2
-1.0e0 7.8e-1 6.7995e2 6.7995e2
-9.6e-1 7.8e-1 6.597e2 6.597e2
-9.2e-1 7.8e-1 6.3847e2 6.3847e2
-8.8e-1 7.8e-1 6.1647e2 6.1647e2
-8.4e-1 7.8e-1 5.9372e2 5.9372e2
-8.0e-1 7.8e-1 5.70287e2 5.70287e2
-7.6e-1 7.8e-1 5.46095e2 5.46095e2
-7.2e-1 7.8e-1 5.21301e2 5.21301e2
-6.8e-1 7.8e-1 4.9603e2 4.9603e2
-6.4e-1 7.8e-1 4.70418e2 4.70418e2
-6.0e-1 7.8e-1 4.44296e2 4.44296e2
-5.6e-1 7.8e-1 4.18065e2 4.18065e2
-5.2e-1 7.8e-1 3.91643e2 3.91643e2
-4.8e-1 7.8e-1 3.6518e2 3.6518e2
-4.4e-1 7.8e-1 3.38744e2 3.38744e2
-4.0e-1 7.8e-1 3.12273e2 3.12273e2
-3.6e-1 7.8e-1 2.86002e2 2.86002e2
-3.2e-1 7.8e-1 2.59875e2 2.59875e2
-2.8e-1 7.8e-1 2.33884e2 2.33884e2
-2.4e-1 7.8e-1 2.0803e2 2.0803e2
-2.0e-1 7.8e-1 1.8216e2 1.8216e2
-1.6e-1 7.8e-1 1.56033e2 1.56033e2
-1.2e-1 7.8e-1 1.29216e2 1.29216e2
-8.0e-2 7.8e-1 1.00784e2 1.00784e2
-4.0e-2 7.8e-1 6.793e1 6.793e1
0.0e0 7.8e-1 0.0e0 0.0e0

-2.0e0 8.0e-1 1.03471e3 1.03471e3
-1.96e0 8.0e-1 1.0304e3 1.0304e3
-1.92e0 8.0e-1 1.02568e3 1.02568e3
-1.88e0 8.0e-1 1.02057e3 1.02057e3
-1.84e0 8.0e-1 1.015e3 1.015e3
-1.8e0 8.0e-1 1.00896e3 1.00896e3
-1.76e0 8.0e-1 1.00241e3 1.00241e3
-1.72e0 8.0e-1 9.9532e2 9.9532e2
-1.68e0 8.0e-1 9.8764e2 9.8764e2
-1.64e0 8.0e-1 9.7934e2 9.7934e2
-1.6e0 8.0e-1 9.7038e2 9.7038e2
-1.56e0 8.0e-1 9.607e2 9.607e2
-1.52e0 8.0e-1 9.5029e2 9.5029e2
-1.48e0 8.0e-1 9.391e2 9.391e2
-1.44e0 8.0e-1 9.2708e2 9.2708e2
-1.4e0 8.0e-1 9.1422e2 9.1422e2
-1.36e0 8.0e-1 9.0045e2 9.0045e2
-1.32e0 8.0e-1 8.8576e2 8.8576e2
-1.28e0 8.0e-1 8.7012e2 8.7012e2
-1.24e0 8.0e-1 8.535e2 8.535e2
-1.2e0 8.0e-1 8.3589e2 8.3589e2
-1.16e0 8.0e-1 8.1729e2 8.1729e2
-1.12e0 8.0e-1 7.9767e2 7.9767e2
-1.08e0 8.0e-1 7.7705e2 7.7705e2
-1.04e0 8.0e-1 7.5546e2 7.5546e2
-1.0e0 8.0e-1 7.3288e2 7.3288e2
-9.6e-1 8.0e-1 7.0946e2 7.0946e2
-9.2e-1 8.0e-1 6.8503e2 6.8503e2
-8.8e-1 8.0e-1 6.5982e2 6.5982e2
-8.4e-1 8.0e-1 6.3387e2 6.3387e2
-8.0e-1 8.0e-1 6.073e2 6.073e2
-7.6e-1 8.0e-1 5.80014e2 5.80014e2
-7.2e-1 8.0e-1 5.52196e2 5.52196e2
-6.8e-1 8.0e-1 5.23997e2 5.23997e2
-6.4e-1 8.0e-1 4.95578e2 4.95578e2
-6.0e-1 8.0e-1 4.6676e2 4.6676e2
-5.6e-1 8.0e-1 4.37985e2 4.37985e2
-5.2e-1 8.0e-1 4.09167e2 4.09167e2
-4.8e-1 8.0e-1 3.80473e2 3.80473e2
-4.4e-1 8.0e-1 3.51968e2 3.51968e2
-4.0e-1 8.0e-1 3.23592e2 3.23592e2
-3.6e-1 8.0e-1 2.95586e2 2.95586e2
-3.2e-1 8.0e-1 2.67896e2 2.67896e2
-2.8e-1 8.0e-1 2.40495e2 2.40495e2
-2.4e-1 8.0e-1 2.13388e2 2.13388e2
-2.0e-1 8.0e-1 1.8641e2 1.8641e2
-1.6e-1 8.0e-1 1.59312e2 1.59312e2
-1.2e-1 8.0e-1 1.31644e2 1.31644e2
-8.0e-2 8.0e-1 1.02466e2 1.02466e2
-4.0e-2 8.0e-1 6.8925e1 6.8925e1
0.0e0 8.0e-1 0.0e0 0.0e0

-2.0e0 8.2e-1 1.15779e3 1.15779e3
-1.96e0 8.2e-1 1.15239e3 1.15239e3
-1.92e0 8.2e-1 1.1465e3 1.1465e3
-1.88e0 8.2e-1 1.14012e3 1.14012e3
-1.84e0 8.2e-1 1.1332e3 1.1332e3
-1.8e0 8.2e-1 1.12567e3 1.12567e3
-1.76e0 8.2e-1 1.11754e3 1.11754e3
-1.72e0 8.2e-1 1.10875e3 1.10875e3
-1.68e0 8.2e-1 1.09923e3 1.09923e3
-1.64e0 8.2e-1 1.08897e3 1.08897e3
-1.6e0 8.2e-1 1.07791e3 1.07791e3
-1.56e0 8.2e-1 1.06601e3 1.06601e3
-1.52e0 8.2e-1 1.05322e3 1.05322e3
-1.48e0 8.2e-1 1.03952e3 1.03952e3
-1.44e0 8.2e-1 1.02484e3 1.02484e3
-1.4e0 8.2e-1 1.00916e3 1.00916e3
-1.36e0 8.2e-1 9.9243e2 9.9243e2
-1.32e0 8.2e-1 9.7466e2 9.7466e2
-1.28e0 8.2e-1 9.5578e2 9.5578e2
-1.24e0 8.2e-1 9.3579e2 9.3579e2
-1.2e0 8.2e-1 9.147e2 9.147e2
-1.16e0 8.2e-1 8.925e2 8.925e2
-1.12e0 8.2e-1 8.692e2 8.692e2
-1.08e0 8.2e-1 8.4482e2 8.4482e2
-1.04e0 8.2e-1 8.194e2 8.194e2
-1.0e0 8.2e-1 7.9295e2 7.9295e2
-9.6e-1 8.2e-1 7.6566e2 7.6566e2
-9.2e-1 8.2e-1 7.3734e2 7.3734e2
-8.8e-1 8.2e-1 7.0828e2 7.0828e2
-8.4e-1 8.2e-1 6.7853e2 6.7853e2
-8.0e-1 8.2e-1 6.4824e2 6.4824e2
-7.6e-1 8.2e-1 6.1731e2 6.1731e2
-7.2e-1 8.2e-1 5.85971e2 5.85971e2
-6.8e-1 8.2e-1 5.54395e2 5.54395e2
-6.4e-1 8.2e-1 5.22768e2 5.22768e2
-6.0e-1 8.2e-1 4.9089e2 4.9089e2
-5.6e-1 8.2e-1 4.59258e2 4.59258e2
-5.2e-1 8.2e-1 4.27773e2 4.27773e2
-4.8e-1 8.2e-1 3.9661e2 3.9661e2
-4.4e-1 8.2e-1 3.65843e2 3.65843e2
-4.0e-1 8.2e-1 3.35396e2 3.35396e2
-3.6e-1 8.2e-1 3.05525e2 3.05525e2
-3.2e-1 8.2e-1 2.76161e2 2.76161e2
-2.8e-1 8.2e-1 2.47272e2 2.47272e2
-2.4e-1 8.2e-1 2.18852e2 2.18852e2
-2.0e-1 8.2e-1 1.90724e2 1.90724e2
-1.6e-1 8.2e-1 1.6262e2 1.6262e2
-1.2e-1 8.2e-1 1.3408e2 1.3408e2
-8.0e-2 8.2e-1 1.04143e2 1.04143e2
-4.0e-2 8.2e-1 6.9914e1 6.9914e1
0.0e0 8.2e-1 0.0e0 0.0e0

-2.0e0 8.4e-1 1.3096e3 1.3096e3
-1.96e0 8.4e-1 1.3027e3 1.3027e3
-1.92e0 8.4e-1 1.2952e3 1.2952e3
-1.88e0 8.4e-1 1.28706e3 1.28706e3
-1.84e0 8.4e-1 1.27826e3 1.27826e3
-1.8e0 8.4e-1 1.26872e3 1.26872e3
-1.76e0 8.4e-1 1.2584e3 1.2584e3
-1.72e0 8.4e-1 1.24727e3 1.24727e3
-1.68e0 8.4e-1 1.23526e3 1.23526e3
-1.64e0 8.4e-1 1.22234e3 1.22234e3
-1.6e0 8.4e-1 1.20844e3 1.20844e3
-1.56e0 8.4e-1 1.19351e3 1.19351e3
-1.52e0 8.4e-1 1.17754e3 1.17754e3
-1.48e0 8.4e-1 1.16045e3 1.16045e3
-1.44e0 8.4e-1 1.14221e3 1.14221e3
-1.4e0 8.4e-1 1.12279e3 1.12279e3
-1.36e0 8.4e-1 1.10216e3 1.10216e3
-1.32e0 8.4e-1 1.08029e3 1.08029e3
-1.28e0 8.4e-1 1.05719e3 1.05719e3
-1.24e0 8.4e-1 1.03284e3 1.03284e3
-1.2e0 8.4e-1 1.00725e3 1.00725e3
-1.16e0 8.4e-1 9.8042e2 9.8042e2
-1.12e0 8.4e-1 9.5242e2 9.5242e2
-1.08e0 8.4e-1 9.2328e2 9.2328e2
-1.04e0 8.4e-1 8.9304e2 8.9304e2
-1.0e0 8.4e-1 8.6177e2 8.6177e2
-9.6e-1 8.4e-1 8.2968e2 8.2968e2
-9.2e-1 8.4e-1 7.9659e2 7.9659e2
-8.8e-1 8.4e-1 7.6285e2 7.6285e2
-8.4e-1 8.4e-1 7.2852e2 7.2852e2
-8.0e-1 8.4e-1 6.9379e2 6.9379e2
-7.6e-1 8.4e-1 6.5854e2 6.5854e2
-7.2e-1 8.4e-1 6.2308e2 6.2308e2
-6.8e-1 8.4e-1 5.87576e2 5.87576e2
-6.4e-1 8.4e-1 5.52254e2 5.52254e2
-6.0e-1 8.4e-1 5.16891e2 5.16891e2
-5.6e-1 8.4e-1 4.82033e2 4.82033e2
-5.2e-1 8.4e-1 4.47565e2 4.47565e2
-4.8e-1 8.4e-1 4.1367e2 4.1367e2
-4.4e-1 8.4e-1 3.80421e2 3.80421e2
-4.0e-1 8.4e-1 3.47723e2 3.47723e2
-3.6e-1 8.4e-1 3.15845e2 3.15845e2
-3.2e-1 8.4e-1 2.84694e2 2.84694e2
-2.8e-1 8.4e-1 2.54227e2 2.54227e2
-2.4e-1 8.4e-1 2.24426e2 2.24426e2
-2.0e-1 8.4e-1 1.951e2 1.951e2
-1.6e-1 8.4e-1 1.6596e2 1.6596e2
-1.2e-1 8.4e-1 1.36528e2 1.36528e2
-8.0e-2 8.4e-1 1.05818e2 1.05818e2
-4.0e-2 8.4e-1 7.0895e1 7.0895e1
0.0e0 8.4e-1 0.0e0 0.0e0

-2.0e0 8.6e-1 1.50166e3 1.50166e3
-1.96e0 8.6e-1 1.4926e3 1.4926e3
-1.92e0 8.6e-1 1.48277e3 1.48277e3
-1.88e0 8.6e-1 1.47214e3 1.47214e3
-1.84e0 8.6e-1 1.46063e3 1.46063e3
-1.8e0 8.6e-1 1.44821e3 1.44821e3
-1.76e0 8.6e-1 1.4348e3 1.4348e3
-1.72e0 8.6e-1 1.42035e3 1.42035e3
-1.68e0 8.6e-1 1.40482e3 1.40482e3
-1.64e0 8.6e-1 1.38814e3 1.38814e3
-1.6e0 8.6e-1 1.37027e3 1.37027e3
-1.56e0 8.6e-1 1.35114e3 1.35114e3
-1.52e0 8.6e-1 1.33072e3 1.33072e3
-1.48e0 8.6e-1 1.30894e3 1.30894e3
-1.44e0 8.6e-1 1.28581e3 1.28581e3
-1.4e0 8.6e-1 1.26129e3 1.26129e3
-1.36e0 8.6e-1 1.23535e3 1.23535e3
-1.32e0 8.6e-1 1.20798e3 1.20798e3
-1.28e0 8.6e-1 1.1792e3 1.1792e3
-1.24e0 8.6e-1 1.14902e3 1.14902e3
-1.2e0 8.6e-1 1.11746e3 1.11746e3
-1.16e0 8.6e-1 1.0846e3 1.0846e3
-1.12e0 8.6e-1 1.05049e3 1.05049e3
-1.08e0 8.6e-1 1.01518e3 1.01518e3
-1.04e0 8.6e-1 9.7879e2 9.7879e2
-1.0e0 8.6e-1 9.4142e2 9.4142e2
-9.6e-1 8.6e-1 9.0332e2 9.0332e2
-9.2e-1 8.6e-1 8.6429e2 8.6429e2
-8.8e-1 8.6e-1 8.2477e2 8.2477e2
-8.4e-1 8.6e-1 7.8485e2 7.8485e2
-8.0e-1 8.6e-1 7.4477e2 7.4477e2
-7.6e-1 8.6e-1 7.0438e2 7.0438e2
-7.2e-1 8.6e-1 6.6403e2 6.6403e2
-6.8e-1 8.6e-1 6.2395e2 6.2395e2
-6.4e-1 8.6e-1 5.84357e2 5.84357e2
-6.0e-1 8.6e-1 5.45004e2 5.45004e2
-5.6e-1 8.6e-1 5.0649e2 5.0649e2
-5.2e-1 8.6e-1 4.68674e2 4.68674e2
-4.8e-1 8.6e-1 4.31747e2 4.31747e2
-4.4e-1 8.6e-1 3.95767e2 3.95767e2
-4.0e-1 8.6e-1 3.60616e2 3.60616e2
-3.6e-1 8.6e-1 3.26569e2 3.26569e2
-3.2e-1 8.6e-1 2.93506e2 2.93506e2
-2.8e-1 8.6e-1 2.61368e2 2.61368e2
-2.4e-1 8.6e-1 2.30121e2 2.30121e2
-2.0e-1 8.6e-1 1.99544e2 1.99544e2
-1.6e-1 8.6e-1 1.69331e2 1.69331e2
-1.2e-1 8.6e-1 1.38985e2 1.38985e2
-8.0e-2 8.6e-1 1.0749e2 1.0749e2
-4.0e-2 8.6e-1 7.187e1 7.187e1
0.0e0 8.6e-1 0.0e0 0.0e0

-2.0e0 8.8e-1 1.75255e3 1.75255e3
-1.96e0 8.8e-1 1.74022e3 1.74022e3
-1.92e0 8.8e-1 1.72688e3 1.72688e3
-1.88e0 8.8e-1 1.7125e3 1.7125e3
-1.84e0 8.8e-1 1.69695e3 1.69695e3
-1.8e0 8.8e-1 1.68022e3 1.68022e3
-1.76e0 8.8e-1 1.66222e3 1.66222e3
-1.72e0 8.8e-1 1.64288e3 1.64288e3
-1.68e0 8.8e-1 1.62215e3 1.62215e3
-1.64e0 8.8e-1 1.59998e3 1.59998e3
-1.6e0 8.8e-1 1.5763e3 1.5763e3
-1.56e0 8.8e-1 1.55106e3 1.55106e3
-1.52e0 8.8e-1 1.52422e3 1.52422e3
-1.48e0 8.8e-1 1.49577e3 1.49577e3
-1.44e0 8.8e-1 1.46567e3 1.46567e3
-1.4e0 8.8e-1 1.43391e3 1.43391e3
-1.36e0 8.8e-1 1.40051e3 1.40051e3
-1.32e0 8.8e-1 1.36548e3 1.36548e3
-1.28e0 8.8e-1 1.32884e3 1.32884e3
-1.24e0 8.8e-1 1.2907e3 1.2907e3
-1.2e0 8.8e-1 1.25107e3 1.25107e3
-1.16e0 8.8e-1 1.21005e3 1.21005e3
-1.12e0 8.8e-1 1.1678e3 1.1678e3
-1.08e0 8.8e-1 1.12439e3 1.12439e3
-1.04e0 8.8e-1 1.07999e3 1.07999e3
-1.0e0 8.8e-1 1.03471e3 1.03471e3
-9.6e-1 8.8e-1 9.8894e2 9.8894e2
-9.2e-1 8.8e-1 9.4241e2 9.4241e2
-8.8e-1 8.8e-1 8.9569e2 8.9569e2
-8.4e-1 8.8e-1 8.4888e2 8.4888e2
-8.0e-1 8.8e-1 8.0225e2 8.0225e2
-7.6e-1 8.8e-1 7.5568e2 7.5568e2
-7.2e-1 8.8e-1 7.0952e2 7.0952e2
-6.8e-1 8.8e-1 6.6403e2 6.6403e2
-6.4e-1 8.8e-1 6.1946e2 6.1946e2
-6.0e-1 8.8e-1 5.75508e2 5.75508e2
-5.6e-1 8.8e-1 5.32831e2 5.32831e2
-5.2e-1 8.8e-1 4.91245e2 4.91245e2
-4.8e-1 8.8e-1 4.50937e2 4.50937e2
-4.4e-1 8.8e-1 4.11945e2 4.11945e2
-4.0e-1 8.8e-1 3.7412e2 3.7412e2
-3.6e-1 8.8e-1 3.37726e2 3.37726e2
-3.2e-1 8.8e-1 3.02618e2 3.02618e2
-2.8e-1 8.8e-1 2.68707e2 2.68707e2
-2.4e-1 8.8e-1 2.35934e2 2.35934e2
-2.0e-1 8.8e-1 2.04056e2 2.04056e2
-1.6e-1 8.8e-1 1.72739e2 1.72739e2
-1.2e-1 8.8e-1 1.41452e2 1.41452e2
-8.0e-2 8.8e-1 1.09163e2 1.09163e2
-4.0e-2 8.8e-1 7.2841e1 7.2841e1
0.0e0 8.8e-1 0.0e0 0.0e0

-2.0e0 9.0e-1 2.09428e3 2.09428e3
-1.96e0 9.0e-1 2.07674e3 2.07674e3
-1.92e0 9.0e-1 2.05779e3 2.05779e3
-1.88e0 9.0e-1 2.03738e3 2.03738e3
-1.84e0 9.0e-1 2.01546e3 2.01546e3
-1.8e0 9.0e-1 1.9919e3 1.9919e3
-1.76e0 9.0e-1 1.96667e3 1.96667e3
-1.72e0 9.0e-1 1.93968e3 1.93968e3
-1.68e0 9.0e-1 1.91089e3 1.91089e3
-1.64e0 9.0e-1 1.8802e3 1.8802e3
-1.6e0 9.0e-1 1.84761e3 1.84761e3
-1.56e0 9.0e-1 1.81305e3 1.81305e3
-1.52e0 9.0e-1 1.77654e3 1.77654e3
-1.48e0 9.0e-1 1.73804e3 1.73804e3
-1.44e0 9.0e-1 1.69756e3 1.69756e3
-1.4e0 9.0e-1 1.65514e3 1.65514e3
-1.36e0 9.0e-1 1.61082e3 1.61082e3
-1.32e0 9.0e-1 1.5647e3 1.5647e3
-1.28e0 9.0e-1 1.51683e3 1.51683e3
-1.24e0 9.0e-1 1.46736e3 1.46736e3
-1.2e0 9.0e-1 1.41641e3 1.41641e3
-1.16e0 9.0e-1 1.36414e3 1.36414e3
-1.12e0 9.0e-1 1.31071e3 1.31071e3
-1.08e0 9.0e-1 1.25633e3 1.25633e3
-1.04e0 9.0e-1 1.2012e3 1.2012e3
-1.0e0 9.0e-1 1.14555e3 1.14555e3
-9.6e-1 9.0e-1 1.08975e3 1.08975e3
-9.2e-1 9.0e-1 1.03362e3 1.03362e3
-8.8e-1 9.0e-1 9.7774e2 9.7774e2
-8.4e-1 9.0e-1 9.223e2 9.223e2
-8.0e-1 9.0e-1 8.676e2 8.676e2
-7.6e-1 9.0e-1 8.1348e2 8.1348e2
-7.2e-1 9.0e-1 7.6031e2 7.6031e2
-6.8e-1 9.0e-1 7.0842e2 7.0842e2
-6.4e-1 9.0e-1 6.58e2 6.58e2
-6.0e-1 9.0e-1 6.0873e2 6.0873e2
-5.6e-1 9.0e-1 5.61295e2 5.61295e2
-5.2e-1 9.0e-1 5.15445e2 5.15445e2
-4.8e-1 9.0e-1 4.71358e2 4.71358e2
-4.4e-1 9.0e-1 4.29034e2 4.29034e2
-4.0e-1 9.0e-1 3.88281e2 3.88281e2
-3.6e-1 9.0e-1 3.49348e2 3.49348e2
-3.2e-1 9.0e-1 3.12048e2 3.12048e2
-2.8e-1 9.0e-1 2.76253e2 2.76253e2
-2.4e-1 9.0e-1 2.41878e2 2.41878e2
-2.0e-1 9.0e-1 2.08641e2 2.08641e2
-1.6e-1 9.0e-1 1.76178e2 1.76178e2
-1.2e-1 9.0e-1 1.43932e2 1.43932e2
-8.0e-2 9.0e-1 1.10834e2 1.10834e2
-4.0e-2 9.0e-1 7.3804e1 7.3804e1
0.0e0 9.0e-1 0.0e0 0.0e0

-2.0e0 9.2e-1 2.58745e3 2.58745e3
-1.96e0 9.2e-1 2.56071e3 2.56071e3
-1.92e0 9.2e-1 2.532e3 2.532e3
-1.88e0 9.2e-1 2.5012e3 2.5012e3
-1.84e0 9.2e-1 2.46823e3 2.46823e3
-1.8e0 9.2e-1 2.43303e3 2.43303e3
-1.76e0 9.2e-1 2.39551e3 2.39551e3
-1.72e0 9.2e-1 2.35562e3 2.35562e3
-1.68e0 9.2e-1 2.3133e3 2.3133e3
-1.64e0 9.2e-1 2.26851e3 2.26851e3
-1.6e0 9.2e-1 2.22127e3 2.22127e3
-1.56e0 9.2e-1 2.17154e3 2.17154e3
-1.52e0 9.2e-1 2.11938e3 2.11938e3
-1.48e0 9.2e-1 2.06485e3 2.06485e3
-1.44e0 9.2e-1 2.00801e3 2.00801e3
-1.4e0 9.2e-1 1.94899e3 1.94899e3
-1.36e0 9.2e-1 1.88788e3 1.88788e3
-1.32e0 9.2e-1 1.82487e3 1.82487e3
-1.28e0 9.2e-1 1.76015e3 1.76015e3
-1.24e0 9.2e-1 1.69392e3 1.69392e3
-1.2e0 9.2e-1 1.62645e3 1.62645e3
-1.16e0 9.2e-1 1.55795e3 1.55795e3
-1.12e0 9.2e-1 1.48872e3 1.48872e3
-1.08e0 9.2e-1 1.41902e3 1.41902e3
-1.04e0 9.2e-1 1.34917e3 1.34917e3
-1.0e0 9.2e-1 1.27942e3 1.27942e3
-9.6e-1 9.2e-1 1.21028e3 1.21028e3
-9.2e-1 9.2e-1 1.14151e3 1.14151e3
-8.8e-1 9.2e-1 1.07382e3 1.07382e3
-8.4e-1 9.2e-1 1.00742e3 1.00742e3
-8.0e-1 9.2e-1 9.426e2 9.426e2
-7.6e-1 9.2e-1 8.7914e2 8.7914e2
-7.2e-1 9.2e-1 8.1747e2 8.1747e2
-6.8e-1 9.2e-1 7.5787e2 7.5787e2
-6.4e-1 9.2e-1 7.0056e2 7.0056e2
-6.0e-1 9.2e-1 6.4508e2 6.4508e2
-5.6e-1 9.2e-1 5.9216e2 5.9216e2
-5.2e-1 9.2e-1 5.41467e2 5.41467e2
-4.8e-1 9.2e-1 4.93135e2 4.93135e2
-4.4e-1 9.2e-1 4.4712e2 4.4712e2
-4.0e-1 9.2e-1 4.03157e2 4.03157e2
-3.6e-1 9.2e-1 3.61472e2 3.61472e2
-3.2e-1 9.2e-1 3.21819e2 3.21819e2
-2.8e-1 9.2e-1 2.84021e2 2.84021e2
-2.4e-1 9.2e-1 2.47957e2 2.47957e2
-2.0e-1 9.2e-1 2.13303e2 2.13303e2
-1.6e-1 9.2e-1 1.79657e2 1.79657e2
-1.2e-1 9.2e-1 1.46425e2 1.46425e2
-8.0e-2 9.2e-1 1.12503e2 1.12503e2
-4.0e-2 9.2e-1 7.4762e1 7.4762e1
0.0e0 9.2e-1 0.0e0 0.0e0

-2.0e0 9.4e-1 3.3616e3 3.3616e3
-1.96e0 9.4e-1 3.31664e3 3.31664e3
-1.92e0 9.4e-1 3.26865e3 3.26865e3
-1.88e0 9.4e-1 3.21753e3 3.21753e3
-1.84e0 9.4e-1 3.1632e3 3.1632e3
-1.8e0 9.4e-1 3.10564e3 3.10564e3
-1.76e0 9.4e-1 3.0448e3 3.0448e3
-1.72e0 9.4e-1 2.98067e3 2.98067e3
-1.68e0 9.4e-1 2.91325e3 2.91325e3
-1.64e0 9.4e-1 2.84262e3 2.84262e3
-1.6e0 9.4e-1 2.76886e3 2.76886e3
-1.56e0 9.4e-1 2.69206e3 2.69206e3
-1.52e0 9.4e-1 2.61241e3 2.61241e3
-1.48e0 9.4e-1 2.5301e3 2.5301e3
-1.44e0 9.4e-1 2.44533e3 2.44533e3
-1.4e0 9.4e-1 2.3584e3 2.3584e3
-1.36e0 9.4e-1 2.26956e3 2.26956e3
-1.32e0 9.4e-1 2.17917e3 2.17917e3
-1.28e0 9.4e-1 2.08755e3 2.08755e3
-1.24e0 9.4e-1 1.99512e3 1.99512e3
-1.2e0 9.4e-1 1.90224e3 1.90224e3
-1.16e0 9.4e-1 1.80927e3 1.80927e3
-1.12e0 9.4e-1 1.71663e3 1.71663e3
-1.08e0 9.4e-1 1.6247e3 1.6247e3
-1.04e0 9.4e-1 1.53384e3 1.53384e3
-1.0e0 9.4e-1 1.4444e3 1.4444e3
-9.6e-1 9.4e-1 1.357e3 1.357e3
-9.2e-1 9.4e-1 1.2712e3 1.2712e3
-8.8e-1 9.4e-1 1.18791e3 1.18791e3
-8.4e-1 9.4e-1 1.10725e3 1.10725e3
-8.0e-1 9.4e-1 1.02954e3 1.02954e3
-7.6e-1 9.4e-1 9.5439e2 9.5439e2
-7.2e-1 9.4e-1 8.8225e2 8.8225e2
-6.8e-1 9.4e-1 8.1334e2 8.1334e2
-6.4e-1 9.4e-1 7.478e2 7.478e2
-6.0e-1 9.4e-1 6.8503e2 6.8503e2
-5.6e-1 9.4e-1 6.2576e2 6.2576e2
-5.2e-1 9.4e-1 5.69533e2 5.69533e2
-4.8e-1 9.4e-1 5.16425e2 5.16425e2
-4.4e-1 9.4e-1 4.66302e2 4.66302e2
-4.0e-1 9.4e-1 4.1881e2 4.1881e2
-3.6e-1 9.4e-1 3.74133e2 3.74133e2
-3.2e-1 9.4e-1 3.31947e2 3.31947e2
-2.8e-1 9.4e-1 2.9202e2 2.9202e2
-2.4e-1 9.4e-1 2.54178e2 2.54178e2
-2.0e-1 9.4e-1 2.18045e2 2.18045e2
-1.6e-1 9.4e-1 1.83173e2 1.83173e2
-1.2e-1 9.4e-1 1.48932e2 1.48932e2
-8.0e-2 9.4e-1 1.14174e2 1.14174e2
-4.0e-2 9.4e-1 7.5714e1 7.5714e1
0.0e0 9.4e-1 0.0e0 0.0e0

-2.0e0 9.6e-1 4.7533e3 4.7533e3
-1.96e0 9.6e-1 4.66394e3 4.66394e3
-1.92e0 9.6e-1 4.5696e3 4.5696e3
-1.88e0 9.6e-1 4.47035e3 4.47035e3
-1.84e0 9.6e-1 4.36623e3 4.36623e3
-1.8e0 9.6e-1 4.25732e3 4.25732e3
-1.76e0 9.6e-1 4.14386e3 4.14386e3
-1.72e0 9.6e-1 4.02602e3 4.02602e3
-1.68e0 9.6e-1 3.90402e3 3.90402e3
-1.64e0 9.6e-1 3.77827e3 3.77827e3
-1.6e0 9.6e-1 3.64911e3 3.64911e3
-1.56e0 9.6e-1 3.51695e3 3.51695e3
-1.52e0 9.6e-1 3.38228e3 3.38228e3
-1.48e0 9.6e-1 3.24564e3 3.24564e3
-1.44e0 9.6e-1 3.10751e3 3.10751e3
-1.4e0 9.6e-1 2.9685e3 2.9685e3
-1.36e0 9.6e-1 2.8292e3 2.8292e3
-1.32e0 9.6e-1 2.69016e3 2.69016e3
-1.28e0 9.6e-1 2.55199e3 2.55199e3
-1.24e0 9.6e-1 2.41527e3 2.41527e3
-1.2e0 9.6e-1 2.28052e3 2.28052e3
-1.16e0 9.6e-1 2.14828e3 2.14828e3
-1.12e0 9.6e-1 2.019e3 2.019e3
-1.08e0 9.6e-1 1.8931e3 1.8931e3
-1.04e0 9.6e-1 1.77097e3 1.77097e3
-1.0e0 9.6e-1 1.65288e3 1.65288e3
-9.6e-1 9.6e-1 1.53949e3 1.53949e3
-9.2e-1 9.6e-1 1.4301e3 1.4301e3
-8.8e-1 9.6e-1 1.32565e3 1.32565e3
-8.4e-1 9.6e-1 1.22609e3 1.22609e3
-8.0e-1 9.6e-1 1.1316e3 1.1316e3
-7.6e-1 9.6e-1 1.04156e3 1.04156e3
-7.2e-1 9.6e-1 9.5634e2 9.5634e2
-6.8e-1 9.6e-1 8.7599e2 8.7599e2
-6.4e-1 9.6e-1 8.0055e2 8.0055e2
-6.0e-1 9.6e-1 7.2914e2 7.2914e2
-5.6e-1 9.6e-1 6.6248e2 6.6248e2
-5.2e-1 9.6e-1 5.9991e2 5.9991e2
-4.8e-1 9.6e-1 5.41394e2 5.41394e2
-4.4e-1 9.6e-1 4.86685e2 4.86685e2
-4.0e-1 9.6e-1 4.35304e2 4.35304e2
-3.6e-1 9.6e-1 3.8737e2 3.8737e2
-3.2e-1 9.6e-1 3.4246e2 3.4246e2
-2.8e-1 9.6e-1 3.00266e2 3.00266e2
-2.4e-1 9.6e-1 2.60548e2 2.60548e2
-2.0e-1 9.6e-1 2.2287e2 2.2287e2
-1.6e-1 9.6e-1 1.86731e2 1.86731e2
-1.2e-1 9.6e-1 1.51453e2 1.51453e2
-8.0e-2 9.6e-1 1.15845e2 1.15845e2
-4.0e-2 9.6e-1 7.6662e1 7.6662e1
0.0e0 9.6e-1 0.0e0 0.0e0

-2.0e0 9.8e-1 7.9935e3 7.9935e3
-1.96e0 9.8e-1 7.744e3 7.744e3
-1.92e0 9.8e-1 7.4875e3 7.4875e3
-1.88e0 9.8e-1 7.2247e3 7.2247e3
-1.84e0 9.8e-1 6.95657e3 6.95657e3
-1.8e0 9.8e-1 6.6843e3 6.6843e3
-1.76e0 9.8e-1 6.40881e3 6.40881e3
-1.72e0 9.8e-1 6.13133e3 6.13133e3
-1.68e0 9.8e-1 5.8529e3 5.8529e3
-1.64e0 9.8e-1 5.57478e3 5.57478e3
-1.6e0 9.8e-1 5.29817e3 5.29817e3
-1.56e0 9.8e-1 5.02412e3 5.02412e3
-1.52e0 9.8e-1 4.75383e3 4.75383e3
-1.48e0 9.8e-1 4.48833e3 4.48833e3
-1.44e0 9.8e-1 4.22847e3 4.22847e3
-1.4e0 9.8e-1 3.9753e3 3.9753e3
-1.36e0 9.8e-1 3.72946e3 3.72946e3
-1.32e0 9.8e-1 3.49164e3 3.49164e3
-1.28e0 9.8e-1 3.26248e3 3.26248e3
-1.24e0 9.8e-1 3.04243e3 3.04243e3
-1.2e0 9.8e-1 2.83176e3 2.83176e3
-1.16e0 9.8e-1 2.63078e3 2.63078e3
-1.12e0 9.8e-1 2.43959e3 2.43959e3
-1.08e0 9.8e-1 2.25822e3 2.25822e3
-1.04e0 9.8e-1 2.08665e3 2.08665e3
-1.0e0 9.8e-1 1.92476e3 1.92476e3
-9.6e-1 9.8e-1 1.77281e3 1.77281e3
-9.2e-1 9.8e-1 1.6294e3 1.6294e3
-8.8e-1 9.8e-1 1.49529e3 1.49529e3
-8.4e-1 9.8e-1 1.3699e3 1.3699e3
-8.0e-1 9.8e-1 1.25313e3 1.25313e3
-7.6e-1 9.8e-1 1.14377e3 1.14377e3
-7.2e-1 9.8e-1 1.04192e3 1.04192e3
-6.8e-1 9.8e-1 9.4737e2 9.4737e2
-6.4e-1 9.8e-1 8.5986e2 8.5986e2
-6.0e-1 9.8e-1 7.7814e2 7.7814e2
-5.6e-1 9.8e-1 7.0279e2 7.0279e2
-5.2e-1 9.8e-1 6.329e2 6.329e2
-4.8e-1 9.8e-1 5.68239e2 5.68239e2
-4.4e-1 9.8e-1 5.08395e2 5.08395e2
-4.0e-1 9.8e-1 4.5272e2 4.5272e2
-3.6e-1 9.8e-1 4.01231e2 4.01231e2
-3.2e-1 9.8e-1 3.53384e2 3.53384e2
-2.8e-1 9.8e-1 3.0877e2 3.0877e2
-2.4e-1 9.8e-1 2.67075e2 2.67075e2
-2.0e-1 9.8e-1 2.27783e2 2.27783e2
-1.6e-1 9.8e-1 1.9033e2 1.9033e2
-1.2e-1 9.8e-1 1.53989e2 1.53989e2
-8.0e-2 9.8e-1 1.17517e2 1.17517e2
-4.0e-2 9.8e-1 7.7606e1 7.7606e1
0.0e0 9.8e-1 0.0e0 0.0e0

-2.0e0 1.0e0 2.40625e4 2.40625e4
-1.96e0 1.0e0 2.19354e4 2.19354e4
-1.92e0 1.0e0 1.99948e4 1.99948e4
-1.88e0 1.0e0 1.8225e4 1.8225e4
-1.84e0 1.0e0 1.66103e4 1.66103e4
-1.8e0 1.0e0 1.51381e4 1.51381e4
-1.76e0 1.0e0 1.37953e4 1.37953e4
-1.72e0 1.0e0 1.2571e4 1.2571e4
-1.68e0 1.0e0 1.14539e4 1.14539e4
-1.64e0 1.0e0 1.04353e4 1.04353e4
-1.6e0 1.0e0 9.5064e3 9.5064e3
-1.56e0 1.0e0 8.659e3 8.659e3
-1.52e0 1.0e0 7.8864e3 7.8864e3
-1.48e0 1.0e0 7.1817e3 7.1817e3
-1.44e0 1.0e0 6.53897e3 6.53897e3
-1.4e0 1.0e0 5.9528e3 5.9528e3
-1.36e0 1.0e0 5.4181e3 5.4181e3
-1.32e0 1.0e0 4.93042e3 4.93042e3
-1.28e0 1.0e0 4.48566e3 4.48566e3
-1.24e0 1.0e0 4.08003e3 4.08003e3
-1.2e0 1.0e0 3.71004e3 3.71004e3
-1.16e0 1.0e0 3.3726e3 3.3726e3
-1.12e0 1.0e0 3.0648e3 3.0648e3
-1.08e0 1.0e0 2.78404e3 2.78404e3
-1.04e0 1.0e0 2.52794e3 2.52794e3
-1.0e0 1.0e0 2.29428e3 2.29428e3
-9.6e-1 1.0e0 2.08173e3 2.08173e3
-9.2e-1 1.0e0 1.88684e3 1.88684e3
-8.8e-1 1.0e0 1.70941e3 1.70941e3
-8.4e-1 1.0e0 1.54764e3 1.54764e3
-8.0e-1 1.0e0 1.40034e3 1.40034e3
-7.6e-1 1.0e0 1.26527e3 1.26527e3
-7.2e-1 1.0e0 1.14192e3 1.14192e3
-6.8e-1 1.0e0 1.02945e3 1.02945e3
-6.4e-1 1.0e0 9.2706e2 9.2706e2
-6.0e-1 1.0e0 8.3289e2 8.3289e2
-5.6e-1 1.0e0 7.4727e2 7.4727e2
-5.2e-1 1.0e0 6.6887e2 6.6887e2
-4.8e-1 1.0e0 5.972e2 5.972e2
-4.4e-1 1.0e0 5.31575e2 5.31575e2
-4.0e-1 1.0e0 4.7114e2 4.7114e2
-3.6e-1 1.0e0 4.15765e2 4.15765e2
-3.2e-1 1.0e0 3.64748e2 3.64748e2
-2.8e-1 1.0e0 3.17552e2 3.17552e2
-2.4e-1 1.0e0 2.73766e2 2.73766e2
-2.0e-1 1.0e0 2.32787e2 2.32787e2
-1.6e-1 1.0e0 1.93974e2 1.93974e2
-1.2e-1 1.0e0 1.56541e2 1.56541e2
-8.0e-2 1.0e0 1.1919e2 1.1919e2
-4.0e-2 1.0e0 7.8545e1 7.8545e1
0.0e0 1.0e0 0.0e0 0.0e0
