0.0e0 0.0e0 0.0e0 0.0e0
2.0e-2 0.0e0 0.0e0 0.0e0
4.0e-2 0.0e0 0.0e0 0.0e0
6.0e-2 0.0e0 0.0e0 0.0e0
8.0e-2 0.0e0 0.0e0 0.0e0
1.0e-1 0.0e0 0.0e0 0.0e0
1.2e-1 0.0e0 0.0e0 0.0e0
1.4e-1 0.0e0 0.0e0 0.0e0
1.6e-1 0.0e0 0.0e0 0.0e0
1.8e-1 0.0e0 0.0e0 0.0e0
2.0e-1 0.0e0 0.0e0 0.0e0
2.2e-1 0.0e0 0.0e0 0.0e0
2.4e-1 0.0e0 0.0e0 0.0e0
2.6e-1 0.0e0 0.0e0 0.0e0
2.8e-1 0.0e0 0.0e0 0.0e0
3.0e-1 0.0e0 0.0e0 0.0e0
3.2e-1 0.0e0 0.0e0 0.0e0
3.4e-1 0.0e0 0.0e0 0.0e0
3.6e-1 0.0e0 0.0e0 0.0e0
3.8e-1 0.0e0 0.0e0 0.0e0
4.0e-1 0.0e0 0.0e0 0.0e0
4.2e-1 0.0e0 0.0e0 0.0e0
4.4e-1 0.0e0 0.0e0 0.0e0
4.6e-1 0.0e0 0.0e0 0.0e0
4.8e-1 0.0e0 0.0e0 0.0e0
5.0e-1 0.0e0 0.0e0 0.0e0
5.2e-1 0.0e0 0.0e0 0.0e0
5.4e-1 0.0e0 0.0e0 0.0e0
5.6e-1 0.0e0 0.0e0 0.0e0
5.8e-1 0.0e0 0.0e0 0.0e0
6.0e-1 0.0e0 0.0e0 0.0e0
6.2e-1 0.0e0 0.0e0 0.0e0
6.4e-1 0.0e0 0.0e0 0.0e0
6.6e-1 0.0e0 0.0e0 0.0e0
6.8e-1 0.0e0 0.0e0 0.0e0
7.0e-1 0.0e0 0.0e0 0.0e0
7.2e-1 0.0e0 0.0e0 0.0e0
7.4e-1 0.0e0 0.0e0 0.0e0
7.6e-1 0.0e0 0.0e0 0.0e0
7.8e-1 0.0e0 0.0e0 0.0e0
8.0e-1 0.0e0 0.0e0 0.0e0
8.2e-1 0.0e0 0.0e0 0.0e0
8.4e-1 0.0e0 0.0e0 0.0e0
8.6e-1 0.0e0 0.0e0 0.0e0
8.8e-1 0.0e0 0.0e0 0.0e0
9.0e-1 0.0e0 0.0e0 0.0e0
9.2e-1 0.0e0 0.0e0 0.0e0
9.4e-1 0.0e0 0.0e0 0.0e0
9.6e-1 0.0e0 0.0e0 0.0e0
9.8e-1 0.0e0 0.0e0 0.0e0
1.0e0 0.0e0 0.0e0 0.0e0

0.0e0 2.0e-2 0.0e0 0.0e0
2.0e-2 2.0e-2 5.2695e0 5.2695e0
4.0e-2 2.0e-2 7.4551e0 7.4551e0
6.0e-2 2.0e-2 9.1344e0 9.1344e0
8.0e-2 2.0e-2 1.05518e1 1.05518e1
1.0e-1 2.0e-2 1.18019e1 1.18019e1
1.2e-1 2.0e-2 1.29335e1 1.29335e1
1.4e-1 2.0e-2 1.39755e1 1.39755e1
1.6e-1 2.0e-2 1.49464e1 1.49464e1
1.8e-1 2.0e-2 1.58594e1 1.58594e1
2.0e-1 2.0e-2 1.6724e1 1.6724e1
2.2e-1 2.0e-2 1.75473e1 1.75473e1
2.4e-1 2.0e-2 1.8335e1 1.8335e1
2.6e-1 2.0e-2 1.90913e1 1.90913e1
2.8e-1 2.0e-2 1.982e1 1.982e1
3.0e-1 2.0e-2 2.05238e1 2.05238e1
3.2e-1 2.0e-2 2.12054e1 2.12054e1
3.4e-1 2.0e-2 2.18669e1 2.18669e1
3.6e-1 2.0e-2 2.25099e1 2.25099e1
3.8e-1 2.0e-2 2.3136e1 2.3136e1
4.0e-1 2.0e-2 2.37466e1 2.37466e1
4.2e-1 2.0e-2 2.43428e1 2.43428e1
4.4e-1 2.0e-2 2.49258e1 2.49258e1
4.6e-1 2.0e-2 2.54962e1 2.54962e1
4.8e-1 2.0e-2 2.60551e1 2.60551e1
5.0e-1 2.0e-2 2.66028e1 2.66028e1
5.2e-1 2.0e-2 2.71407e1 2.71407e1
5.4e-1 2.0e-2 2.76689e1 2.76689e1
5.6e-1 2.0e-2 2.81879e1 2.81879e1
5.8e-1 2.0e-2 2.86986e1 2.86986e1
6.0e-1 2.0e-2 2.92009e1 2.92009e1
6.2e-1 2.0e-2 2.96956e1 2.96956e1
6.4e-1 2.0e-2 3.01831e1 3.01831e1
6.6e-1 2.0e-2 3.06635e1 3.06635e1
6.8e-1 2.0e-2 3.11371e1 3.11371e1
7.0e-1 2.0e-2 3.16046e1 3.16046e1
7.2e-1 2.0e-2 3.20659e1 3.20659e1
7.4e-1 2.0e-2 3.25214e1 3.25214e1
7.6e-1 2.0e-2 3.29713e1 3.29713e1
7.8e-1 2.0e-2 3.3416e1 3.3416e1
8.0e-1 2.0e-2 3.38554e1 3.38554e1
8.2e-1 2.0e-2 3.4291e1 3.4291e1
8.4e-1 2.0e-2 3.472e1 3.472e1
8.6e-1 2.0e-2 3.5146e1 3.5146e1
8.8e-1 2.0e-2 3.5565e1 3.5565e1
9.0e-1 2.0e-2 3.5982e1 3.5982e1
9.2e-1 2.0e-2 3.6394e1 3.6394e1
9.4e-1 2.0e-2 3.6803e1 3.6803e1
9.6e-1 2.0e-2 3.7207e1 3.7207e1
9.8e-1 2.0e-2 3.7608e1 3.7608e1
1.0e0 2.0e-2 3.8007e1 3.8007e1

0.0e0 4.0e-2 0.0e0 0.0e0
2.0e-2 4.0e-2 7.4551e0 7.4551e0
4.0e-2 4.0e-2 1.05518e1 1.05518e1
6.0e-2 4.0e-2 1.29335e1 1.29335e1
8.0e-2 4.0e-2 1.49464e1 1.49464e1
1.0e-1 4.0e-2 1.6724e1 1.6724e1
1.2e-1 4.0e-2 1.8335e1 1.8335e1
1.4e-1 4.0e-2 1.982e1 1.982e1
1.6e-1 4.0e-2 2.12054e1 2.12054e1
1.8e-1 4.0e-2 2.25099e1 2.25099e1
2.0e-1 4.0e-2 2.37466e1 2.37466e1
2.2e-1 4.0e-2 2.49258e1 2.49258e1
2.4e-1 4.0e-2 2.60551e1 2.60551e1
2.6e-1 4.0e-2 2.71407e1 2.71407e1
2.8e-1 4.0e-2 2.81879e1 2.81879e1
3.0e-1 4.0e-2 2.92009e1 2.92009e1
3.2e-1 4.0e-2 3.01831e1 3.01831e1
3.4e-1 4.0e-2 3.11371e1 3.11371e1
3.6e-1 4.0e-2 3.20659e1 3.20659e1
3.8e-1 4.0e-2 3.29713e1 3.29713e1
4.0e-1 4.0e-2 3.38554e1 3.38554e1
4.2e-1 4.0e-2 3.472e1 3.472e1
4.4e-1 4.0e-2 3.5565e1 3.5565e1
4.6e-1 4.0e-2 3.6394e1 3.6394e1
4.8e-1 4.0e-2 3.7207e1 3.7207e1
5.0e-1 4.0e-2 3.8007e1 3.8007e1
5.2e-1 4.0e-2 3.8791e1 3.8791e1
5.4e-1 4.0e-2 3.9561e1 3.9561e1
5.6e-1 4.0e-2 4.032e1 4.032e1
5.8e-1 4.0e-2 4.1068e1 4.1068e1
6.0e-1 4.0e-2 4.1805e1 4.1805e1
6.2e-1 4.0e-2 4.253e1 4.253e1
6.4e-1 4.0e-2 4.3246e1 4.3246e1
6.6e-1 4.0e-2 4.3953e1 4.3953e1
6.8e-1 4.0e-2 4.465e1 4.465e1
7.0e-1 4.0e-2 4.534e1 4.534e1
7.2e-1 4.0e-2 4.602e1 4.602e1
7.4e-1 4.0e-2 4.6693e1 4.6693e1
7.6e-1 4.0e-2 4.7359e1 4.7359e1
7.8e-1 4.0e-2 4.8018e1 4.8018e1
8.0e-1 4.0e-2 4.867e1 4.867e1
8.2e-1 4.0e-2 4.9315e1 4.9315e1
8.4e-1 4.0e-2 4.9954e1 4.9954e1
8.6e-1 4.0e-2 5.0587e1 5.0587e1
8.8e-1 4.0e-2 5.1215e1 5.1215e1
9.0e-1 4.0e-2 5.1837e1 5.1837e1
9.2e-1 4.0e-2 5.2454e1 5.2454e1
9.4e-1 4.0e-2 5.3064e1 5.3064e1
9.6e-1 4.0e-2 5.367e1 5.367e1
9.8e-1 4.0e-2 5.4271e1 5.4271e1
1.0e0 4.0e-2 5.4868e1 5.4868e1

0.0e0 6.0e-2 0.0e0 0.0e0
2.0e-2 6.0e-2 9.1344e0 9.1344e0
4.0e-2 6.0e-2 1.29335e1 1.29335e1
6.0e-2 6.0e-2 1.58594e1 1.58594e1
8.0e-2 6.0e-2 1.8335e1 1.8335e1
1.0e-1 6.0e-2 2.05238e1 2.05238e1
1.2e-1 6.0e-2 2.25099e1 2.25099e1
1.4e-1 6.0e-2 2.43428e1 2.43428e1
1.6e-1 6.0e-2 2.60551e1 2.60551e1
1.8e-1 6.0e-2 2.76689e1 2.76689e1
2.0e-1 6.0e-2 2.92009e1 2.92009e1
2.2e-1 6.0e-2 3.06635e1 3.06635e1
2.4e-1 6.0e-2 3.20659e1 3.20659e1
2.6e-1 6.0e-2 3.3416e1 3.3416e1
2.8e-1 6.0e-2 3.472e1 3.472e1
3.0e-1 6.0e-2 3.5982e1 3.5982e1
3.2e-1 6.0e-2 3.7207e1 3.7207e1
3.4e-1 6.0e-2 3.84e1 3.84e1
3.6e-1 6.0e-2 3.9561e1 3.9561e1
3.8e-1 6.0e-2 4.0695e1 4.0695e1
4.0e-1 6.0e-2 4.1805e1 4.1805e1
4.2e-1 6.0e-2 4.289e1 4.289e1
4.4e-1 6.0e-2 4.3953e1 4.3953e1
4.6e-1 6.0e-2 4.4995e1 4.4995e1
4.8e-1 6.0e-2 4.602e1 4.602e1
5.0e-1 6.0e-2 4.7028e1 4.7028e1
5.2e-1 6.0e-2 4.8018e1 4.8018e1
5.4e-1 6.0e-2 4.8993e1 4.8993e1
5.6e-1 6.0e-2 4.9954e1 4.9954e1
5.8e-1 6.0e-2 5.0902e1 5.0902e1
6.0e-1 6.0e-2 5.1837e1 5.1837e1
6.2e-1 6.0e-2 5.2759e1 5.2759e1
6.4e-1 6.0e-2 5.367e1 5.367e1
6.6e-1 6.0e-2 5.457e1 5.457e1
6.8e-1 6.0e-2 5.5461e1 5.5461e1
7.0e-1 6.0e-2 5.634e1 5.634e1
7.2e-1 6.0e-2 5.7211e1 5.7211e1
7.4e-1 6.0e-2 5.8073e1 5.8073e1
7.6e-1 6.0e-2 5.8928e1 5.8928e1
7.8e-1 6.0e-2 5.9772e1 5.9772e1
8.0e-1 6.0e-2 6.0611e1 6.0611e1
8.2e-1 6.0e-2 6.1441e1 6.1441e1
8.4e-1 6.0e-2 6.2263e1 6.2263e1
8.6e-1 6.0e-2 6.3081e1 6.3081e1
8.8e-1 6.0e-2 6.389e1 6.389e1
9.0e-1 6.0e-2 6.4694e1 6.4694e1
9.2e-1 6.0e-2 6.5492e1 6.5492e1
9.4e-1 6.0e-2 6.6286e1 6.6286e1
9.6e-1 6.0e-2 6.7072e1 6.7072e1
9.8e-1 6.0e-2 6.7853e1 6.7853e1
1.0e0 6.0e-2 6.863e1 6.863e1

0.0e0 8.0e-2 0.0e0 0.0e0
2.0e-2 8.0e-2 1.05518e1 1.05518e1
4.0e-2 8.0e-2 1.49464e1 1.49464e1
6.0e-2 8.0e-2 1.8335e1 1.8335e1
8.0e-2 8.0e-2 2.12054e1 2.12054e1
1.0e-1 8.0e-2 2.37466e1 2.37466e1
1.2e-1 8.0e-2 2.60551e1 2.60551e1
1.4e-1 8.0e-2 2.81879e1 2.81879e1
1.6e-1 8.0e-2 3.01831e1 3.01831e1
1.8e-1 8.0e-2 3.20659e1 3.20659e1
2.0e-1 8.0e-2 3.38554e1 3.38554e1
2.2e-1 8.0e-2 3.5565e1 3.5565e1
2.4e-1 8.0e-2 3.7207e1 3.7207e1
2.6e-1 8.0e-2 3.8791e1 3.8791e1
2.8e-1 8.0e-2 4.032e1 4.032e1
3.0e-1 8.0e-2 4.1805e1 4.1805e1
3.2e-1 8.0e-2 4.3246e1 4.3246e1
3.4e-1 8.0e-2 4.465e1 4.465e1
3.6e-1 8.0e-2 4.602e1 4.602e1
3.8e-1 8.0e-2 4.7359e1 4.7359e1
4.0e-1 8.0e-2 4.867e1 4.867e1
4.2e-1 8.0e-2 4.9954e1 4.9954e1
4.4e-1 8.0e-2 5.1215e1 5.1215e1
4.6e-1 8.0e-2 5.2454e1 5.2454e1
4.8e-1 8.0e-2 5.367e1 5.367e1
5.0e-1 8.0e-2 5.4868e1 5.4868e1
5.2e-1 8.0e-2 5.6049e1 5.6049e1
5.4e-1 8.0e-2 5.7211e1 5.7211e1
5.6e-1 8.0e-2 5.8359e1 5.8359e1
5.8e-1 8.0e-2 5.9491e1 5.9491e1
6.0e-1 8.0e-2 6.0611e1 6.0611e1
6.2e-1 8.0e-2 6.1716e1 6.1716e1
6.4e-1 8.0e-2 6.2808e1 6.2808e1
6.6e-1 8.0e-2 6.389e1 6.389e1
6.8e-1 8.0e-2 6.4961e1 6.4961e1
7.0e-1 8.0e-2 6.6022e1 6.6022e1
7.2e-1 8.0e-2 6.7072e1 6.7072e1
7.4e-1 8.0e-2 6.8112e1 6.8112e1
7.6e-1 8.0e-2 6.9144e1 6.9144e1
7.8e-1 8.0e-2 7.0168e1 7.0168e1
8.0e-1 8.0e-2 7.1182e1 7.1182e1
8.2e-1 8.0e-2 7.2191e1 7.2191e1
8.4e-1 8.0e-2 7.3192e1 7.3192e1
8.6e-1 8.0e-2 7.4185e1 7.4185e1
8.8e-1 8.0e-2 7.5171e1 7.5171e1
9.0e-1 8.0e-2 7.6152e1 7.6152e1
9.2e-1 8.0e-2 7.7127e1 7.7127e1
9.4e-1 8.0e-2 7.8094e1 7.8094e1
9.6e-1 8.0e-2 7.9059e1 7.9059e1
9.8e-1 8.0e-2 8.0016e1 8.0016e1
1.0e0 8.0e-2 8.097e1 8.097e1

0.0e0 1.0e-1 0.0e0 0.0e0
2.0e-2 1.0e-1 1.18019e1 1.18019e1
4.0e-2 1.0e-1 1.6724e1 1.6724e1
6.0e-2 1.0e-1 2.05238e1 2.05238e1
8.0e-2 1.0e-1 2.37466e1 2.37466e1
1.0e-1 1.0e-1 2.66028e1 2.66028e1
1.2e-1 1.0e-1 2.92009e1 2.92009e1
1.4e-1 1.0e-1 3.16046e1 3.16046e1
1.6e-1 1.0e-1 3.38554e1 3.38554e1
1.8e-1 1.0e-1 3.5982e1 3.5982e1
2.0e-1 1.0e-1 3.8007e1 3.8007e1
2.2e-1 1.0e-1 3.9943e1 3.9943e1
2.4e-1 1.0e-1 4.1805e1 4.1805e1
2.6e-1 1.0e-1 4.36e1 4.36e1
2.8e-1 1.0e-1 4.534e1 4.534e1
3.0e-1 1.0e-1 4.7028e1 4.7028e1
3.2e-1 1.0e-1 4.867e1 4.867e1
3.4e-1 1.0e-1 5.0272e1 5.0272e1
3.6e-1 1.0e-1 5.1837e1 5.1837e1
3.8e-1 1.0e-1 5.3368e1 5.3368e1
4.0e-1 1.0e-1 5.4868e1 5.4868e1
4.2e-1 1.0e-1 5.634e1 5.634e1
4.4e-1 1.0e-1 5.7787e1 5.7787e1
4.6e-1 1.0e-1 5.921e1 5.921e1
4.8e-1 1.0e-1 6.0611e1 6.0611e1
5.0e-1 1.0e-1 6.199e1 6.199e1
5.2e-1 1.0e-1 6.3351e1 6.3351e1
5.4e-1 1.0e-1 6.4694e1 6.4694e1
5.6e-1 1.0e-1 6.6022e1 6.6022e1
5.8e-1 1.0e-1 6.7332e1 6.7332e1
6.0e-1 1.0e-1 6.863e1 6.863e1
6.2e-1 1.0e-1 6.9913e1 6.9913e1
6.4e-1 1.0e-1 7.1182e1 7.1182e1
6.6e-1 1.0e-1 7.2441e1 7.2441e1
6.8e-1 1.0e-1 7.369e1 7.369e1
7.0e-1 1.0e-1 7.4925e1 7.4925e1
7.2e-1 1.0e-1 7.6152e1 7.6152e1
7.4e-1 1.0e-1 7.737e1 7.737e1
7.6e-1 1.0e-1 7.8577e1 7.8577e1
7.8e-1 1.0e-1 7.9778e1 7.9778e1
8.0e-1 1.0e-1 8.097e1 8.097e1
8.2e-1 1.0e-1 8.2153e1 8.2153e1
8.4e-1 1.0e-1 8.3331e1 8.3331e1
8.6e-1 1.0e-1 8.4502e1 8.4502e1
8.8e-1 1.0e-1 8.5666e1 8.5666e1
9.0e-1 1.0e-1 8.6824e1 8.6824e1
9.2e-1 1.0e-1 8.7978e1 8.7978e1
9.4e-1 1.0e-1 8.9125e1 8.9125e1
9.6e-1 1.0e-1 9.0266e1 9.0266e1
9.8e-1 1.0e-1 9.1405e1 9.1405e1
1.0e0 1.0e-1 9.2538e1 9.2538e1

0.0e0 1.2e-1 0.0e0 0.0e0
2.0e-2 1.2e-1 1.29335e1 1.29335e1
4.0e-2 1.2e-1 1.8335e1 1.8335e1
6.0e-2 1.2e-1 2.25099e1 2.25099e1
8.0e-2 1.2e-1 2.60551e1 2.60551e1
1.0e-1 1.2e-1 2.92009e1 2.92009e1
1.2e-1 1.2e-1 3.20659e1 3.20659e1
1.4e-1 1.2e-1 3.472e1 3.472e1
1.6e-1 1.2e-1 3.7207e1 3.7207e1
1.8e-1 1.2e-1 3.9561e1 3.9561e1
2.0e-1 1.2e-1 4.1805e1 4.1805e1
2.2e-1 1.2e-1 4.3953e1 4.3953e1
2.4e-1 1.2e-1 4.602e1 4.602e1
2.6e-1 1.2e-1 4.8018e1 4.8018e1
2.8e-1 1.2e-1 4.9954e1 4.9954e1
3.0e-1 1.2e-1 5.1837e1 5.1837e1
3.2e-1 1.2e-1 5.367e1 5.367e1
3.4e-1 1.2e-1 5.5461e1 5.5461e1
3.6e-1 1.2e-1 5.7211e1 5.7211e1
3.8e-1 1.2e-1 5.8928e1 5.8928e1
4.0e-1 1.2e-1 6.0611e1 6.0611e1
4.2e-1 1.2e-1 6.2263e1 6.2263e1
4.4e-1 1.2e-1 6.389e1 6.389e1
4.6e-1 1.2e-1 6.5492e1 6.5492e1
4.8e-1 1.2e-1 6.7072e1 6.7072e1
5.0e-1 1.2e-1 6.863e1 6.863e1
5.2e-1 1.2e-1 7.0168e1 7.0168e1
5.4e-1 1.2e-1 7.1687e1 7.1687e1
5.6e-1 1.2e-1 7.3192e1 7.3192e1
5.8e-1 1.2e-1 7.4678e1 7.4678e1
6.0e-1 1.2e-1 7.6152e1 7.6152e1
6.2e-1 1.2e-1 7.7611e1 7.7611e1
6.4e-1 1.2e-1 7.9059e1 7.9059e1
6.6e-1 1.2e-1 8.0493e1 8.0493e1
6.8e-1 1.2e-1 8.1917e1 8.1917e1
7.0e-1 1.2e-1 8.3331e1 8.3331e1
7.2e-1 1.2e-1 8.4735e1 8.4735e1
7.4e-1 1.2e-1 8.613e1 8.613e1
7.6e-1 1.2e-1 8.7517e1 8.7517e1
7.8e-1 1.2e-1 8.8896e1 8.8896e1
8.0e-1 1.2e-1 9.0266e1 9.0266e1
8.2e-1 1.2e-1 9.1632e1 9.1632e1
8.4e-1 1.2e-1 9.299e1 9.299e1
8.6e-1 1.2e-1 9.4344e1 9.4344e1
8.8e-1 1.2e-1 9.5691e1 9.5691e1
9.0e-1 1.2e-1 9.7032e1 9.7032e1
9.2e-1 1.2e-1 9.8369e1 9.8369e1
9.4e-1 1.2e-1 9.9701e1 9.9701e1
9.6e-1 1.2e-1 1.01031e2 1.01031e2
9.8e-1 1.2e-1 1.02354e2 1.02354e2
1.0e0 1.2e-1 1.03676e2 1.03676e2

0.0e0 1.4e-1 0.0e0 0.0e0
2.0e-2 1.4e-1 1.39755e1 1.39755e1
4.0e-2 1.4e-1 1.982e1 1.982e1
6.0e-2 1.4e-1 2.43428e1 2.43428e1
8.0e-2 1.4e-1 2.81879e1 2.81879e1
1.0e-1 1.4e-1 3.16046e1 3.16046e1
1.2e-1 1.4e-1 3.472e1 3.472e1
1.4e-1 1.4e-1 3.7608e1 3.7608e1
1.6e-1 1.4e-1 4.032e1 4.032e1
1.8e-1 1.4e-1 4.289e1 4.289e1
2.0e-1 1.4e-1 4.534e1 4.534e1
2.2e-1 1.4e-1 4.769e1 4.769e1
2.4e-1 1.4e-1 4.9954e1 4.9954e1
2.6e-1 1.4e-1 5.2145e1 5.2145e1
2.8e-1 1.4e-1 5.4271e1 5.4271e1
3.0e-1 1.4e-1 5.634e1 5.634e1
3.2e-1 1.4e-1 5.8359e1 5.8359e1
3.4e-1 1.4e-1 6.0332e1 6.0332e1
3.6e-1 1.4e-1 6.2263e1 6.2263e1
3.8e-1 1.4e-1 6.4159e1 6.4159e1
4.0e-1 1.4e-1 6.6022e1 6.6022e1
4.2e-1 1.4e-1 6.7853e1 6.7853e1
4.4e-1 1.4e-1 6.9658e1 6.9658e1
4.6e-1 1.4e-1 7.1436e1 7.1436e1
4.8e-1 1.4e-1 7.3192e1 7.3192e1
5.0e-1 1.4e-1 7.4925e1 7.4925e1
5.2e-1 1.4e-1 7.664e1 7.664e1
5.4e-1 1.4e-1 7.8336e1 7.8336e1
5.6e-1 1.4e-1 8.0016e1 8.0016e1
5.8e-1 1.4e-1 8.168e1 8.168e1
6.0e-1 1.4e-1 8.3331e1 8.3331e1
6.2e-1 1.4e-1 8.4969e1 8.4969e1
6.4e-1 1.4e-1 8.6594e1 8.6594e1
6.6e-1 1.4e-1 8.8206e1 8.8206e1
6.8e-1 1.4e-1 8.981e1 8.981e1
7.0e-1 1.4e-1 9.1405e1 9.1405e1
7.2e-1 1.4e-1 9.299e1 9.299e1
7.4e-1 1.4e-1 9.4568e1 9.4568e1
7.6e-1 1.4e-1 9.6138e1 9.6138e1
7.8e-1 1.4e-1 9.7702e1 9.7702e1
8.0e-1 1.4e-1 9.9258e1 9.9258e1
8.2e-1 1.4e-1 1.00809e2 1.00809e2
8.4e-1 1.4e-1 1.02354e2 1.02354e2
8.6e-1 1.4e-1 1.03896e2 1.03896e2
8.8e-1 1.4e-1 1.05432e2 1.05432e2
9.0e-1 1.4e-1 1.06966e2 1.06966e2
9.2e-1 1.4e-1 1.08495e2 1.08495e2
9.4e-1 1.4e-1 1.10022e2 1.10022e2
9.6e-1 1.4e-1 1.11545e2 1.11545e2
9.8e-1 1.4e-1 1.13068e2 1.13068e2
1.0e0 1.4e-1 1.14586e2 1.14586e2

0.0e0 1.6e-1 0.0e0 0.0e0
2.0e-2 1.6e-1 1.49464e1 1.49464e1
4.0e-2 1.6e-1 2.12054e1 2.12054e1
6.0e-2 1.6e-1 2.60551e1 2.60551e1
8.0e-2 1.6e-1 3.01831e1 3.01831e1
1.0e-1 1.6e-1 3.38554e1 3.38554e1
1.2e-1 1.6e-1 3.7207e1 3.7207e1
1.4e-1 1.6e-1 4.032e1 4.032e1
1.6e-1 1.6e-1 4.3246e1 4.3246e1
1.8e-1 1.6e-1 4.602e1 4.602e1
2.0e-1 1.6e-1 4.867e1 4.867e1
2.2e-1 1.6e-1 5.1215e1 5.1215e1
2.4e-1 1.6e-1 5.367e1 5.367e1
2.6e-1 1.6e-1 5.6049e1 5.6049e1
2.8e-1 1.6e-1 5.8359e1 5.8359e1
3.0e-1 1.6e-1 6.0611e1 6.0611e1
3.2e-1 1.6e-1 6.2808e1 6.2808e1
3.4e-1 1.6e-1 6.4961e1 6.4961e1
3.6e-1 1.6e-1 6.7072e1 6.7072e1
3.8e-1 1.6e-1 6.9144e1 6.9144e1
4.0e-1 1.6e-1 7.1182e1 7.1182e1
4.2e-1 1.6e-1 7.3192e1 7.3192e1
4.4e-1 1.6e-1 7.5171e1 7.5171e1
4.6e-1 1.6e-1 7.7127e1 7.7127e1
4.8e-1 1.6e-1 7.9059e1 7.9059e1
5.0e-1 1.6e-1 8.097e1 8.097e1
5.2e-1 1.6e-1 8.2861e1 8.2861e1
5.4e-1 1.6e-1 8.4735e1 8.4735e1
5.6e-1 1.6e-1 8.6594e1 8.6594e1
5.8e-1 1.6e-1 8.8437e1 8.8437e1
6.0e-1 1.6e-1 9.0266e1 9.0266e1
6.2e-1 1.6e-1 9.2085e1 9.2085e1
6.4e-1 1.6e-1 9.3893e1 9.3893e1
6.6e-1 1.6e-1 9.5691e1 9.5691e1
6.8e-1 1.6e-1 9.7478e1 9.7478e1
7.0e-1 1.6e-1 9.9258e1 9.9258e1
7.2e-1 1.6e-1 1.01031e2 1.01031e2
7.4e-1 1.6e-1 1.02795e2 1.02795e2
7.6e-1 1.6e-1 1.04555e2 1.04555e2
7.8e-1 1.6e-1 1.0631e2 1.0631e2
8.0e-1 1.6e-1 1.08058e2 1.08058e2
8.2e-1 1.6e-1 1.09804e2 1.09804e2
8.4e-1 1.6e-1 1.11545e2 1.11545e2
8.6e-1 1.6e-1 1.13284e2 1.13284e2
8.8e-1 1.6e-1 1.1502e2 1.1502e2
9.0e-1 1.6e-1 1.16756e2 1.16756e2
9.2e-1 1.6e-1 1.18488e2 1.18488e2
9.4e-1 1.6e-1 1.20221e2 1.20221e2
9.6e-1 1.6e-1 1.21953e2 1.21953e2
9.8e-1 1.6e-1 1.23683e2 1.23683e2
1.0e0 1.6e-1 1.25415e2 1.25415e2

0.0e0 1.8e-1 0.0e0 0.0e0
2.0e-2 1.8e-1 1.58594e1 1.58594e1
4.0e-2 1.8e-1 2.25099e1 2.25099e1
6.0e-2 1.8e-1 2.76689e1 2.76689e1
8.0e-2 1.8e-1 3.20659e1 3.20659e1
1.0e-1 1.8e-1 3.5982e1 3.5982e1
1.2e-1 1.8e-1 3.9561e1 3.9561e1
1.4e-1 1.8e-1 4.289e1 4.289e1
1.6e-1 1.8e-1 4.602e1 4.602e1
1.8e-1 1.8e-1 4.8993e1 4.8993e1
2.0e-1 1.8e-1 5.1837e1 5.1837e1
2.2e-1 1.8e-1 5.457e1 5.457e1
2.4e-1 1.8e-1 5.7211e1 5.7211e1
2.6e-1 1.8e-1 5.9772e1 5.9772e1
2.8e-1 1.8e-1 6.2263e1 6.2263e1
3.0e-1 1.8e-1 6.4694e1 6.4694e1
3.2e-1 1.8e-1 6.7072e1 6.7072e1
3.4e-1 1.8e-1 6.94e1 6.94e1
3.6e-1 1.8e-1 7.1687e1 7.1687e1
3.8e-1 1.8e-1 7.3938e1 7.3938e1
4.0e-1 1.8e-1 7.6152e1 7.6152e1
4.2e-1 1.8e-1 7.8336e1 7.8336e1
4.4e-1 1.8e-1 8.0493e1 8.0493e1
4.6e-1 1.8e-1 8.2626e1 8.2626e1
4.8e-1 1.8e-1 8.4735e1 8.4735e1
5.0e-1 1.8e-1 8.6824e1 8.6824e1
5.2e-1 1.8e-1 8.8896e1 8.8896e1
5.4e-1 1.8e-1 9.095e1 9.095e1
5.6e-1 1.8e-1 9.299e1 9.299e1
5.8e-1 1.8e-1 9.5018e1 9.5018e1
6.0e-1 1.8e-1 9.7032e1 9.7032e1
6.2e-1 1.8e-1 9.9036e1 9.9036e1
6.4e-1 1.8e-1 1.01031e2 1.01031e2
6.6e-1 1.8e-1 1.03015e2 1.03015e2
6.8e-1 1.8e-1 1.04994e2 1.04994e2
7.0e-1 1.8e-1 1.06966e2 1.06966e2
7.2e-1 1.8e-1 1.08931e2 1.08931e2
7.4e-1 1.8e-1 1.10893e2 1.10893e2
7.6e-1 1.8e-1 1.1285e2 1.1285e2
7.8e-1 1.8e-1 1.14804e2 1.14804e2
8.0e-1 1.8e-1 1.16756e2 1.16756e2
8.2e-1 1.8e-1 1.18704e2 1.18704e2
8.4e-1 1.8e-1 1.20653e2 1.20653e2
8.6e-1 1.8e-1 1.22601e2 1.22601e2
8.8e-1 1.8e-1 1.2455e2 1.2455e2
9.0e-1 1.8e-1 1.26497e2 1.26497e2
9.2e-1 1.8e-1 1.28447e2 1.28447e2
9.4e-1 1.8e-1 1.30399e2 1.30399e2
9.6e-1 1.8e-1 1.32352e2 1.32352e2
9.8e-1 1.8e-1 1.34308e2 1.34308e2
1.0e0 1.8e-1 1.36267e2 1.36267e2

0.0e0 2.0e-1 0.0e0 0.0e0
2.0e-2 2.0e-1 1.6724e1 1.6724e1
4.0e-2 2.0e-1 2.37466e1 2.37466e1
6.0e-2 2.0e-1 2.92009e1 2.92009e1
8.0e-2 2.0e-1 3.38554e1 3.38554e1
1.0e-1 2.0e-1 3.8007e1 3.8007e1
1.2e-1 2.0e-1 4.1805e1 4.1805e1
1.4e-1 2.0e-1 4.534e1 4.534e1
1.6e-1 2.0e-1 4.867e1 4.867e1
1.8e-1 2.0e-1 5.1837e1 5.1837e1
2.0e-1 2.0e-1 5.4868e1 5.4868e1
2.2e-1 2.0e-1 5.7787e1 5.7787e1
2.4e-1 2.0e-1 6.0611e1 6.0611e1
2.6e-1 2.0e-1 6.3351e1 6.3351e1
2.8e-1 2.0e-1 6.6022e1 6.6022e1
3.0e-1 2.0e-1 6.863e1 6.863e1
3.2e-1 2.0e-1 7.1182e1 7.1182e1
3.4e-1 2.0e-1 7.369e1 7.369e1
3.6e-1 2.0e-1 7.6152e1 7.6152e1
3.8e-1 2.0e-1 7.8577e1 7.8577e1
4.0e-1 2.0e-1 8.097e1 8.097e1
4.2e-1 2.0e-1 8.3331e1 8.3331e1
4.4e-1 2.0e-1 8.5666e1 8.5666e1
4.6e-1 2.0e-1 8.7978e1 8.7978e1
4.8e-1 2.0e-1 9.0266e1 9.0266e1
5.0e-1 2.0e-1 9.2538e1 9.2538e1
5.2e-1 2.0e-1 9.4794e1 9.4794e1
5.4e-1 2.0e-1 9.7032e1 9.7032e1
5.6e-1 2.0e-1 9.9258e1 9.9258e1
5.8e-1 2.0e-1 1.01471e2 1.01471e2
6.0e-1 2.0e-1 1.03676e2 1.03676e2
6.2e-1 2.0e-1 1.0587e2 1.0587e2
6.4e-1 2.0e-1 1.08058e2 1.08058e2
6.6e-1 2.0e-1 1.10239e2 1.10239e2
6.8e-1 2.0e-1 1.12415e2 1.12415e2
7.0e-1 2.0e-1 1.14586e2 1.14586e2
7.2e-1 2.0e-1 1.16756e2 1.16756e2
7.4e-1 2.0e-1 1.18921e2 1.18921e2
7.6e-1 2.0e-1 1.21086e2 1.21086e2
7.8e-1 2.0e-1 1.2325e2 1.2325e2
8.0e-1 2.0e-1 1.25415e2 1.25415e2
8.2e-1 2.0e-1 1.2758e2 1.2758e2
8.4e-1 2.0e-1 1.29747e2 1.29747e2
8.6e-1 2.0e-1 1.31918e2 1.31918e2
8.8e-1 2.0e-1 1.34091e2 1.34091e2
9.0e-1 2.0e-1 1.36267e2 1.36267e2
9.2e-1 2.0e-1 1.38449e2 1.38449e2
9.4e-1 2.0e-1 1.40634e2 1.40634e2
9.6e-1 2.0e-1 1.42827e2 1.42827e2
9.8e-1 2.0e-1 1.45024e2 1.45024e2
1.0e0 2.0e-1 1.47229e2 1.47229e2

0.0e0 2.2e-1 0.0e0 0.0e0
2.0e-2 2.2e-1 1.75473e1 1.75473e1
4.0e-2 2.2e-1 2.49258e1 2.49258e1
6.0e-2 2.2e-1 3.06635e1 3.06635e1
8.0e-2 2.2e-1 3.5565e1 3.5565e1
1.0e-1 2.2e-1 3.9943e1 3.9943e1
1.2e-1 2.2e-1 4.3953e1 4.3953e1
1.4e-1 2.2e-1 4.769e1 4.769e1
1.6e-1 2.2e-1 5.1215e1 5.1215e1
1.8e-1 2.2e-1 5.457e1 5.457e1
2.0e-1 2.2e-1 5.7787e1 5.7787e1
2.2e-1 2.2e-1 6.0887e1 6.0887e1
2.4e-1 2.2e-1 6.389e1 6.389e1
2.6e-1 2.2e-1 6.681e1 6.681e1
2.8e-1 2.2e-1 6.9658e1 6.9658e1
3.0e-1 2.2e-1 7.2441e1 7.2441e1
3.2e-1 2.2e-1 7.5171e1 7.5171e1
3.4e-1 2.2e-1 7.7853e1 7.7853e1
3.6e-1 2.2e-1 8.0493e1 8.0493e1
3.8e-1 2.2e-1 8.3096e1 8.3096e1
4.0e-1 2.2e-1 8.5666e1 8.5666e1
4.2e-1 2.2e-1 8.8206e1 8.8206e1
4.4e-1 2.2e-1 9.0723e1 9.0723e1
4.6e-1 2.2e-1 9.3217e1 9.3217e1
4.8e-1 2.2e-1 9.5691e1 9.5691e1
5.0e-1 2.2e-1 9.8146e1 9.8146e1
5.2e-1 2.2e-1 1.00587e2 1.00587e2
5.4e-1 2.2e-1 1.03015e2 1.03015e2
5.6e-1 2.2e-1 1.05432e2 1.05432e2
5.8e-1 2.2e-1 1.0784e2 1.0784e2
6.0e-1 2.2e-1 1.10239e2 1.10239e2
6.2e-1 2.2e-1 1.12633e2 1.12633e2
6.4e-1 2.2e-1 1.1502e2 1.1502e2
6.6e-1 2.2e-1 1.17406e2 1.17406e2
6.8e-1 2.2e-1 1.19788e2 1.19788e2
7.0e-1 2.2e-1 1.22168e2 1.22168e2
7.2e-1 2.2e-1 1.2455e2 1.2455e2
7.4e-1 2.2e-1 1.2693e2 1.2693e2
7.6e-1 2.2e-1 1.29314e2 1.29314e2
7.8e-1 2.2e-1 1.317e2 1.317e2
8.0e-1 2.2e-1 1.34091e2 1.34091e2
8.2e-1 2.2e-1 1.36485e2 1.36485e2
8.4e-1 2.2e-1 1.38885e2 1.38885e2
8.6e-1 2.2e-1 1.41292e2 1.41292e2
8.8e-1 2.2e-1 1.43704e2 1.43704e2
9.0e-1 2.2e-1 1.46126e2 1.46126e2
9.2e-1 2.2e-1 1.48555e2 1.48555e2
9.4e-1 2.2e-1 1.50995e2 1.50995e2
9.6e-1 2.2e-1 1.53444e2 1.53444e2
9.8e-1 2.2e-1 1.55904e2 1.55904e2
1.0e0 2.2e-1 1.58376e2 1.58376e2

0.0e0 2.4e-1 0.0e0 0.0e0
2.0e-2 2.4e-1 1.8335e1 1.8335e1
4.0e-2 2.4e-1 2.60551e1 2.60551e1
6.0e-2 2.4e-1 3.20659e1 3.20659e1
8.0e-2 2.4e-1 3.7207e1 3.7207e1
1.0e-1 2.4e-1 4.1805e1 4.1805e1
1.2e-1 2.4e-1 4.602e1 4.602e1
1.4e-1 2.4e-1 4.9954e1 4.9954e1
1.6e-1 2.4e-1 5.367e1 5.367e1
1.8e-1 2.4e-1 5.7211e1 5.7211e1
2.0e-1 2.4e-1 6.0611e1 6.0611e1
2.2e-1 2.4e-1 6.389e1 6.389e1
2.4e-1 2.4e-1 6.7072e1 6.7072e1
2.6e-1 2.4e-1 7.0168e1 7.0168e1
2.8e-1 2.4e-1 7.3192e1 7.3192e1
3.0e-1 2.4e-1 7.6152e1 7.6152e1
3.2e-1 2.4e-1 7.9059e1 7.9059e1
3.4e-1 2.4e-1 8.1917e1 8.1917e1
3.6e-1 2.4e-1 8.4735e1 8.4735e1
3.8e-1 2.4e-1 8.7517e1 8.7517e1
4.0e-1 2.4e-1 9.0266e1 9.0266e1
4.2e-1 2.4e-1 9.299e1 9.299e1
4.4e-1 2.4e-1 9.5691e1 9.5691e1
4.6e-1 2.4e-1 9.8369e1 9.8369e1
4.8e-1 2.4e-1 1.01031e2 1.01031e2
5.0e-1 2.4e-1 1.03676e2 1.03676e2
5.2e-1 2.4e-1 1.0631e2 1.0631e2
5.4e-1 2.4e-1 1.08931e2 1.08931e2
5.6e-1 2.4e-1 1.11545e2 1.11545e2
5.8e-1 2.4e-1 1.14153e2 1.14153e2
6.0e-1 2.4e-1 1.16756e2 1.16756e2
6.2e-1 2.4e-1 1.19354e2 1.19354e2
6.4e-1 2.4e-1 1.21953e2 1.21953e2
6.6e-1 2.4e-1 1.2455e2 1.2455e2
6.8e-1 2.4e-1 1.27147e2 1.27147e2
7.0e-1 2.4e-1 1.29747e2 1.29747e2
7.2e-1 2.4e-1 1.32352e2 1.32352e2
7.4e-1 2.4e-1 1.34961e2 1.34961e2
7.6e-1 2.4e-1 1.37575e2 1.37575e2
7.8e-1 2.4e-1 1.40196e2 1.40196e2
8.0e-1 2.4e-1 1.42827e2 1.42827e2
8.2e-1 2.4e-1 1.45465e2 1.45465e2
8.4e-1 2.4e-1 1.48114e2 1.48114e2
8.6e-1 2.4e-1 1.50772e2 1.50772e2
8.8e-1 2.4e-1 1.53444e2 1.53444e2
9.0e-1 2.4e-1 1.56128e2 1.56128e2
9.2e-1 2.4e-1 1.58826e2 1.58826e2
9.4e-1 2.4e-1 1.61537e2 1.61537e2
9.6e-1 2.4e-1 1.64265e2 1.64265e2
9.8e-1 2.4e-1 1.67009e2 1.67009e2
1.0e0 2.4e-1 1.69771e2 1.69771e2

0.0e0 2.6e-1 0.0e0 0.0e0
2.0e-2 2.6e-1 1.90913e1 1.90913e1
4.0e-2 2.6e-1 2.71407e1 2.71407e1
6.0e-2 2.6e-1 3.3416e1 3.3416e1
8.0e-2 2.6e-1 3.8791e1 3.8791e1
1.0e-1 2.6e-1 4.36e1 4.36e1
1.2e-1 2.6e-1 4.8018e1 4.8018e1
1.4e-1 2.6e-1 5.2145e1 5.2145e1
1.6e-1 2.6e-1 5.6049e1 5.6049e1
1.8e-1 2.6e-1 5.9772e1 5.9772e1
2.0e-1 2.6e-1 6.3351e1 6.3351e1
2.2e-1 2.6e-1 6.681e1 6.681e1
2.4e-1 2.6e-1 7.0168e1 7.0168e1
2.6e-1 2.6e-1 7.344e1 7.344e1
2.8e-1 2.6e-1 7.664e1 7.664e1
3.0e-1 2.6e-1 7.9778e1 7.9778e1
3.2e-1 2.6e-1 8.2861e1 8.2861e1
3.4e-1 2.6e-1 8.5898e1 8.5898e1
3.6e-1 2.6e-1 8.8896e1 8.8896e1
3.8e-1 2.6e-1 9.1858e1 9.1858e1
4.0e-1 2.6e-1 9.4794e1 9.4794e1
4.2e-1 2.6e-1 9.7702e1 9.7702e1
4.4e-1 2.6e-1 1.00587e2 1.00587e2
4.6e-1 2.6e-1 1.03456e2 1.03456e2
4.8e-1 2.6e-1 1.0631e2 1.0631e2
5.0e-1 2.6e-1 1.09149e2 1.09149e2
5.2e-1 2.6e-1 1.1198e2 1.1198e2
5.4e-1 2.6e-1 1.14804e2 1.14804e2
5.6e-1 2.6e-1 1.17621e2 1.17621e2
5.8e-1 2.6e-1 1.20438e2 1.20438e2
6.0e-1 2.6e-1 1.2325e2 1.2325e2
6.2e-1 2.6e-1 1.26064e2 1.26064e2
6.4e-1 2.6e-1 1.2888e2 1.2888e2
6.6e-1 2.6e-1 1.317e2 1.317e2
6.8e-1 2.6e-1 1.34526e2 1.34526e2
7.0e-1 2.6e-1 1.37357e2 1.37357e2
7.2e-1 2.6e-1 1.40196e2 1.40196e2
7.4e-1 2.6e-1 1.43045e2 1.43045e2
7.6e-1 2.6e-1 1.45906e2 1.45906e2
7.8e-1 2.6e-1 1.48776e2 1.48776e2
8.0e-1 2.6e-1 1.51662e2 1.51662e2
8.2e-1 2.6e-1 1.54561e2 1.54561e2
8.4e-1 2.6e-1 1.57474e2 1.57474e2
8.6e-1 2.6e-1 1.60405e2 1.60405e2
8.8e-1 2.6e-1 1.63354e2 1.63354e2
9.0e-1 2.6e-1 1.66321e2 1.66321e2
9.2e-1 2.6e-1 1.69308e2 1.69308e2
9.4e-1 2.6e-1 1.72316e2 1.72316e2
9.6e-1 2.6e-1 1.75346e2 1.75346e2
9.8e-1 2.6e-1 1.784e2 1.784e2
1.0e0 2.6e-1 1.81477e2 1.81477e2

0.0e0 2.8e-1 0.0e0 0.0e0
2.0e-2 2.8e-1 1.982e1 1.982e1
4.0e-2 2.8e-1 2.81879e1 2.81879e1
6.0e-2 2.8e-1 3.472e1 3.472e1
8.0e-2 2.8e-1 4.032e1 4.032e1
1.0e-1 2.8e-1 4.534e1 4.534e1
1.2e-1 2.8e-1 4.9954e1 4.9954e1
1.4e-1 2.8e-1 5.4271e1 5.4271e1
1.6e-1 2.8e-1 5.8359e1 5.8359e1
1.8e-1 2.8e-1 6.2263e1 6.2263e1
2.0e-1 2.8e-1 6.6022e1 6.6022e1
2.2e-1 2.8e-1 6.9658e1 6.9658e1
2.4e-1 2.8e-1 7.3192e1 7.3192e1
2.6e-1 2.8e-1 7.664e1 7.664e1
2.8e-1 2.8e-1 8.0016e1 8.0016e1
3.0e-1 2.8e-1 8.3331e1 8.3331e1
3.2e-1 2.8e-1 8.6594e1 8.6594e1
3.4e-1 2.8e-1 8.981e1 8.981e1
3.6e-1 2.8e-1 9.299e1 9.299e1
3.8e-1 2.8e-1 9.6138e1 9.6138e1
4.0e-1 2.8e-1 9.9258e1 9.9258e1
4.2e-1 2.8e-1 1.02354e2 1.02354e2
4.4e-1 2.8e-1 1.05432e2 1.05432e2
4.6e-1 2.8e-1 1.08495e2 1.08495e2
4.8e-1 2.8e-1 1.11545e2 1.11545e2
5.0e-1 2.8e-1 1.14586e2 1.14586e2
5.2e-1 2.8e-1 1.17621e2 1.17621e2
5.4e-1 2.8e-1 1.20653e2 1.20653e2
5.6e-1 2.8e-1 1.23683e2 1.23683e2
5.8e-1 2.8e-1 1.26714e2 1.26714e2
6.0e-1 2.8e-1 1.29747e2 1.29747e2
6.2e-1 2.8e-1 1.32787e2 1.32787e2
6.4e-1 2.8e-1 1.35832e2 1.35832e2
6.6e-1 2.8e-1 1.38885e2 1.38885e2
6.8e-1 2.8e-1 1.41948e2 1.41948e2
7.0e-1 2.8e-1 1.45024e2 1.45024e2
7.2e-1 2.8e-1 1.48114e2 1.48114e2
7.4e-1 2.8e-1 1.51216e2 1.51216e2
7.6e-1 2.8e-1 1.54337e2 1.54337e2
7.8e-1 2.8e-1 1.57474e2 1.57474e2
8.0e-1 2.8e-1 1.60631e2 1.60631e2
8.2e-1 2.8e-1 1.63809e2 1.63809e2
8.4e-1 2.8e-1 1.67009e2 1.67009e2
8.6e-1 2.8e-1 1.70232e2 1.70232e2
8.8e-1 2.8e-1 1.7348e2 1.7348e2
9.0e-1 2.8e-1 1.76753e2 1.76753e2
9.2e-1 2.8e-1 1.80054e2 1.80054e2
9.4e-1 2.8e-1 1.83385e2 1.83385e2
9.6e-1 2.8e-1 1.86745e2 1.86745e2
9.8e-1 2.8e-1 1.90135e2 1.90135e2
1.0e0 2.8e-1 1.9356e2 1.9356e2

0.0e0 3.0e-1 0.0e0 0.0e0
2.0e-2 3.0e-1 2.05238e1 2.05238e1
4.0e-2 3.0e-1 2.92009e1 2.92009e1
6.0e-2 3.0e-1 3.5982e1 3.5982e1
8.0e-2 3.0e-1 4.1805e1 4.1805e1
1.0e-1 3.0e-1 4.7028e1 4.7028e1
1.2e-1 3.0e-1 5.1837e1 5.1837e1
1.4e-1 3.0e-1 5.634e1 5.634e1
1.6e-1 3.0e-1 6.0611e1 6.0611e1
1.8e-1 3.0e-1 6.4694e1 6.4694e1
2.0e-1 3.0e-1 6.863e1 6.863e1
2.2e-1 3.0e-1 7.2441e1 7.2441e1
2.4e-1 3.0e-1 7.6152e1 7.6152e1
2.6e-1 3.0e-1 7.9778e1 7.9778e1
2.8e-1 3.0e-1 8.3331e1 8.3331e1
3.0e-1 3.0e-1 8.6824e1 8.6824e1
3.2e-1 3.0e-1 9.0266e1 9.0266e1
3.4e-1 3.0e-1 9.3668e1 9.3668e1
3.6e-1 3.0e-1 9.7032e1 9.7032e1
3.8e-1 3.0e-1 1.00366e2 1.00366e2
4.0e-1 3.0e-1 1.03676e2 1.03676e2
4.2e-1 3.0e-1 1.06966e2 1.06966e2
4.4e-1 3.0e-1 1.10239e2 1.10239e2
4.6e-1 3.0e-1 1.13501e2 1.13501e2
4.8e-1 3.0e-1 1.16756e2 1.16756e2
5.0e-1 3.0e-1 1.20004e2 1.20004e2
5.2e-1 3.0e-1 1.2325e2 1.2325e2
5.4e-1 3.0e-1 1.26497e2 1.26497e2
5.6e-1 3.0e-1 1.29747e2 1.29747e2
5.8e-1 3.0e-1 1.33003e2 1.33003e2
6.0e-1 3.0e-1 1.36267e2 1.36267e2
6.2e-1 3.0e-1 1.3954e2 1.3954e2
6.4e-1 3.0e-1 1.42827e2 1.42827e2
6.6e-1 3.0e-1 1.46126e2 1.46126e2
6.8e-1 3.0e-1 1.49442e2 1.49442e2
7.0e-1 3.0e-1 1.52774e2 1.52774e2
7.2e-1 3.0e-1 1.56128e2 1.56128e2
7.4e-1 3.0e-1 1.59503e2 1.59503e2
7.6e-1 3.0e-1 1.629e2 1.629e2
7.8e-1 3.0e-1 1.66321e2 1.66321e2
8.0e-1 3.0e-1 1.69771e2 1.69771e2
8.2e-1 3.0e-1 1.73247e2 1.73247e2
8.4e-1 3.0e-1 1.76753e2 1.76753e2
8.6e-1 3.0e-1 1.80292e2 1.80292e2
8.8e-1 3.0e-1 1.83862e2 1.83862e2
9.0e-1 3.0e-1 1.87468e2 1.87468e2
9.2e-1 3.0e-1 1.9111e2 1.9111e2
9.4e-1 3.0e-1 1.9479e2 1.9479e2
9.6e-1 3.0e-1 1.9851e2 1.9851e2
9.8e-1 3.0e-1 2.02274e2 2.02274e2
1.0e0 3.0e-1 2.06078e2 2.06078e2

0.0e0 3.2e-1 0.0e0 0.0e0
2.0e-2 3.2e-1 2.12054e1 2.12054e1
4.0e-2 3.2e-1 3.01831e1 3.01831e1
6.0e-2 3.2e-1 3.7207e1 3.7207e1
8.0e-2 3.2e-1 4.3246e1 4.3246e1
1.0e-1 3.2e-1 4.867e1 4.867e1
1.2e-1 3.2e-1 5.367e1 5.367e1
1.4e-1 3.2e-1 5.8359e1 5.8359e1
1.6e-1 3.2e-1 6.2808e1 6.2808e1
1.8e-1 3.2e-1 6.7072e1 6.7072e1
2.0e-1 3.2e-1 7.1182e1 7.1182e1
2.2e-1 3.2e-1 7.5171e1 7.5171e1
2.4e-1 3.2e-1 7.9059e1 7.9059e1
2.6e-1 3.2e-1 8.2861e1 8.2861e1
2.8e-1 3.2e-1 8.6594e1 8.6594e1
3.0e-1 3.2e-1 9.0266e1 9.0266e1
3.2e-1 3.2e-1 9.3893e1 9.3893e1
3.4e-1 3.2e-1 9.7478e1 9.7478e1
3.6e-1 3.2e-1 1.01031e2 1.01031e2
3.8e-1 3.2e-1 1.04555e2 1.04555e2
4.0e-1 3.2e-1 1.08058e2 1.08058e2
4.2e-1 3.2e-1 1.11545e2 1.11545e2
4.4e-1 3.2e-1 1.1502e2 1.1502e2
4.6e-1 3.2e-1 1.18488e2 1.18488e2
4.8e-1 3.2e-1 1.21953e2 1.21953e2
5.0e-1 3.2e-1 1.25415e2 1.25415e2
5.2e-1 3.2e-1 1.2888e2 1.2888e2
5.4e-1 3.2e-1 1.32352e2 1.32352e2
5.6e-1 3.2e-1 1.35832e2 1.35832e2
5.8e-1 3.2e-1 1.39322e2 1.39322e2
6.0e-1 3.2e-1 1.42827e2 1.42827e2
6.2e-1 3.2e-1 1.46347e2 1.46347e2
6.4e-1 3.2e-1 1.49884e2 1.49884e2
6.6e-1 3.2e-1 1.53444e2 1.53444e2
6.8e-1 3.2e-1 1.57025e2 1.57025e2
7.0e-1 3.2e-1 1.60631e2 1.60631e2
7.2e-1 3.2e-1 1.64265e2 1.64265e2
7.4e-1 3.2e-1 1.67928e2 1.67928e2
7.6e-1 3.2e-1 1.7162e2 1.7162e2
7.8e-1 3.2e-1 1.75346e2 1.75346e2
8.0e-1 3.2e-1 1.79109e2 1.79109e2
8.2e-1 3.2e-1 1.82907e2 1.82907e2
8.4e-1 3.2e-1 1.86745e2 1.86745e2
8.6e-1 3.2e-1 1.90623e2 1.90623e2
8.8e-1 3.2e-1 1.94543e2 1.94543e2
9.0e-1 3.2e-1 1.9851e2 1.9851e2
9.2e-1 3.2e-1 2.02525e2 2.02525e2
9.4e-1 3.2e-1 2.06589e2 2.06589e2
9.6e-1 3.2e-1 2.10703e2 2.10703e2
9.8e-1 3.2e-1 2.14871e2 2.14871e2
1.0e0 3.2e-1 2.19096e2 2.19096e2

0.0e0 3.4e-1 0.0e0 0.0e0
2.0e-2 3.4e-1 2.18669e1 2.18669e1
4.0e-2 3.4e-1 3.11371e1 3.11371e1
6.0e-2 3.4e-1 3.84e1 3.84e1
8.0e-2 3.4e-1 4.465e1 4.465e1
1.0e-1 3.4e-1 5.0272e1 5.0272e1
1.2e-1 3.4e-1 5.5461e1 5.5461e1
1.4e-1 3.4e-1 6.0332e1 6.0332e1
1.6e-1 3.4e-1 6.4961e1 6.4961e1
1.8e-1 3.4e-1 6.94e1 6.94e1
2.0e-1 3.4e-1 7.369e1 7.369e1
2.2e-1 3.4e-1 7.7853e1 7.7853e1
2.4e-1 3.4e-1 8.1917e1 8.1917e1
2.6e-1 3.4e-1 8.5898e1 8.5898e1
2.8e-1 3.4e-1 8.981e1 8.981e1
3.0e-1 3.4e-1 9.3668e1 9.3668e1
3.2e-1 3.4e-1 9.7478e1 9.7478e1
3.4e-1 3.4e-1 1.01251e2 1.01251e2
3.6e-1 3.4e-1 1.04994e2 1.04994e2
3.8e-1 3.4e-1 1.08713e2 1.08713e2
4.0e-1 3.4e-1 1.12415e2 1.12415e2
4.2e-1 3.4e-1 1.16104e2 1.16104e2
4.4e-1 3.4e-1 1.19788e2 1.19788e2
4.6e-1 3.4e-1 1.23466e2 1.23466e2
4.8e-1 3.4e-1 1.27147e2 1.27147e2
5.0e-1 3.4e-1 1.30832e2 1.30832e2
5.2e-1 3.4e-1 1.34526e2 1.34526e2
5.4e-1 3.4e-1 1.3823e2 1.3823e2
5.6e-1 3.4e-1 1.41948e2 1.41948e2
5.8e-1 3.4e-1 1.45685e2 1.45685e2
6.0e-1 3.4e-1 1.49442e2 1.49442e2
6.2e-1 3.4e-1 1.53221e2 1.53221e2
6.4e-1 3.4e-1 1.57025e2 1.57025e2
6.6e-1 3.4e-1 1.60858e2 1.60858e2
6.8e-1 3.4e-1 1.64722e2 1.64722e2
7.0e-1 3.4e-1 1.68617e2 1.68617e2
7.2e-1 3.4e-1 1.7255e2 1.7255e2
7.4e-1 3.4e-1 1.76518e2 1.76518e2
7.6e-1 3.4e-1 1.80528e2 1.80528e2
7.8e-1 3.4e-1 1.8458e2 1.8458e2
8.0e-1 3.4e-1 1.88678e2 1.88678e2
8.2e-1 3.4e-1 1.92822e2 1.92822e2
8.4e-1 3.4e-1 1.97018e2 1.97018e2
8.6e-1 3.4e-1 2.01265e2 2.01265e2
8.8e-1 3.4e-1 2.05566e2 2.05566e2
9.0e-1 3.4e-1 2.09927e2 2.09927e2
9.2e-1 3.4e-1 2.14346e2 2.14346e2
9.4e-1 3.4e-1 2.1883e2 2.1883e2
9.6e-1 3.4e-1 2.2338e2 2.2338e2
9.8e-1 3.4e-1 2.27995e2 2.27995e2
1.0e0 3.4e-1 2.32681e2 2.32681e2

0.0e0 3.6e-1 0.0e0 0.0e0
2.0e-2 3.6e-1 2.25099e1 2.25099e1
4.0e-2 3.6e-1 3.20659e1 3.20659e1
6.0e-2 3.6e-1 3.9561e1 3.9561e1
8.0e-2 3.6e-1 4.602e1 4.602e1
1.0e-1 3.6e-1 5.1837e1 5.1837e1
1.2e-1 3.6e-1 5.7211e1 5.7211e1
1.4e-1 3.6e-1 6.2263e1 6.2263e1
1.6e-1 3.6e-1 6.7072e1 6.7072e1
1.8e-1 3.6e-1 7.1687e1 7.1687e1
2.0e-1 3.6e-1 7.6152e1 7.6152e1
2.2e-1 3.6e-1 8.0493e1 8.0493e1
2.4e-1 3.6e-1 8.4735e1 8.4735e1
2.6e-1 3.6e-1 8.8896e1 8.8896e1
2.8e-1 3.6e-1 9.299e1 9.299e1
3.0e-1 3.6e-1 9.7032e1 9.7032e1
3.2e-1 3.6e-1 1.01031e2 1.01031e2
3.4e-1 3.6e-1 1.04994e2 1.04994e2
3.6e-1 3.6e-1 1.08931e2 1.08931e2
3.8e-1 3.6e-1 1.1285e2 1.1285e2
4.0e-1 3.6e-1 1.16756e2 1.16756e2
4.2e-1 3.6e-1 1.20653e2 1.20653e2
4.4e-1 3.6e-1 1.2455e2 1.2455e2
4.6e-1 3.6e-1 1.28447e2 1.28447e2
4.8e-1 3.6e-1 1.32352e2 1.32352e2
5.0e-1 3.6e-1 1.36267e2 1.36267e2
5.2e-1 3.6e-1 1.40196e2 1.40196e2
5.4e-1 3.6e-1 1.44144e2 1.44144e2
5.6e-1 3.6e-1 1.48114e2 1.48114e2
5.8e-1 3.6e-1 1.52106e2 1.52106e2
6.0e-1 3.6e-1 1.56128e2 1.56128e2
6.2e-1 3.6e-1 1.60179e2 1.60179e2
6.4e-1 3.6e-1 1.64265e2 1.64265e2
6.6e-1 3.6e-1 1.68387e2 1.68387e2
6.8e-1 3.6e-1 1.7255e2 1.7255e2
7.0e-1 3.6e-1 1.76753e2 1.76753e2
7.2e-1 3.6e-1 1.81003e2 1.81003e2
7.4e-1 3.6e-1 1.853e2 1.853e2
7.6e-1 3.6e-1 1.89648e2 1.89648e2
7.8e-1 3.6e-1 1.94052e2 1.94052e2
8.0e-1 3.6e-1 1.9851e2 1.9851e2
8.2e-1 3.6e-1 2.0303e2 2.0303e2
8.4e-1 3.6e-1 2.07613e2 2.07613e2
8.6e-1 3.6e-1 2.1226e2 2.1226e2
8.8e-1 3.6e-1 2.16977e2 2.16977e2
9.0e-1 3.6e-1 2.21767e2 2.21767e2
9.2e-1 3.6e-1 2.2663e2 2.2663e2
9.4e-1 3.6e-1 2.31573e2 2.31573e2
9.6e-1 3.6e-1 2.36598e2 2.36598e2
9.8e-1 3.6e-1 2.41708e2 2.41708e2
1.0e0 3.6e-1 2.46912e2 2.46912e2

0.0e0 3.8e-1 0.0e0 0.0e0
2.0e-2 3.8e-1 2.3136e1 2.3136e1
4.0e-2 3.8e-1 3.29713e1 3.29713e1
6.0e-2 3.8e-1 4.0695e1 4.0695e1
8.0e-2 3.8e-1 4.7359e1 4.7359e1
1.0e-1 3.8e-1 5.3368e1 5.3368e1
1.2e-1 3.8e-1 5.8928e1 5.8928e1
1.4e-1 3.8e-1 6.4159e1 6.4159e1
1.6e-1 3.8e-1 6.9144e1 6.9144e1
1.8e-1 3.8e-1 7.3938e1 7.3938e1
2.0e-1 3.8e-1 7.8577e1 7.8577e1
2.2e-1 3.8e-1 8.3096e1 8.3096e1
2.4e-1 3.8e-1 8.7517e1 8.7517e1
2.6e-1 3.8e-1 9.1858e1 9.1858e1
2.8e-1 3.8e-1 9.6138e1 9.6138e1
3.0e-1 3.8e-1 1.00366e2 1.00366e2
3.2e-1 3.8e-1 1.04555e2 1.04555e2
3.4e-1 3.8e-1 1.08713e2 1.08713e2
3.6e-1 3.8e-1 1.1285e2 1.1285e2
3.8e-1 3.8e-1 1.16972e2 1.16972e2
4.0e-1 3.8e-1 1.21086e2 1.21086e2
4.2e-1 3.8e-1 1.25198e2 1.25198e2
4.4e-1 3.8e-1 1.29314e2 1.29314e2
4.6e-1 3.8e-1 1.33438e2 1.33438e2
4.8e-1 3.8e-1 1.37575e2 1.37575e2
5.0e-1 3.8e-1 1.4173e2 1.4173e2
5.2e-1 3.8e-1 1.45906e2 1.45906e2
5.4e-1 3.8e-1 1.50107e2 1.50107e2
5.6e-1 3.8e-1 1.54337e2 1.54337e2
5.8e-1 3.8e-1 1.58601e2 1.58601e2
6.0e-1 3.8e-1 1.629e2 1.629e2
6.2e-1 3.8e-1 1.67238e2 1.67238e2
6.4e-1 3.8e-1 1.7162e2 1.7162e2
6.6e-1 3.8e-1 1.7605e2 1.7605e2
6.8e-1 3.8e-1 1.80528e2 1.80528e2
7.0e-1 3.8e-1 1.8506e2 1.8506e2
7.2e-1 3.8e-1 1.89648e2 1.89648e2
7.4e-1 3.8e-1 1.94298e2 1.94298e2
7.6e-1 3.8e-1 1.9901e2 1.9901e2
7.8e-1 3.8e-1 2.0379e2 2.0379e2
8.0e-1 3.8e-1 2.0864e2 2.0864e2
8.2e-1 3.8e-1 2.13564e2 2.13564e2
8.4e-1 3.8e-1 2.18565e2 2.18565e2
8.6e-1 3.8e-1 2.23648e2 2.23648e2
8.8e-1 3.8e-1 2.28818e2 2.28818e2
9.0e-1 3.8e-1 2.34074e2 2.34074e2
9.2e-1 3.8e-1 2.39429e2 2.39429e2
9.4e-1 3.8e-1 2.44878e2 2.44878e2
9.6e-1 3.8e-1 2.5043e2 2.5043e2
9.8e-1 3.8e-1 2.56088e2 2.56088e2
1.0e0 3.8e-1 2.6186e2 2.6186e2

0.0e0 4.0e-1 0.0e0 0.0e0
2.0e-2 4.0e-1 2.37466e1 2.37466e1
4.0e-2 4.0e-1 3.38554e1 3.38554e1
6.0e-2 4.0e-1 4.1805e1 4.1805e1
8.0e-2 4.0e-1 4.867e1 4.867e1
1.0e-1 4.0e-1 5.4868e1 5.4868e1
1.2e-1 4.0e-1 6.0611e1 6.0611e1
1.4e-1 4.0e-1 6.6022e1 6.6022e1
1.6e-1 4.0e-1 7.1182e1 7.1182e1
1.8e-1 4.0e-1 7.6152e1 7.6152e1
2.0e-1 4.0e-1 8.097e1 8.097e1
2.2e-1 4.0e-1 8.5666e1 8.5666e1
2.4e-1 4.0e-1 9.0266e1 9.0266e1
2.6e-1 4.0e-1 9.4794e1 9.4794e1
2.8e-1 4.0e-1 9.9258e1 9.9258e1
3.0e-1 4.0e-1 1.03676e2 1.03676e2
3.2e-1 4.0e-1 1.08058e2 1.08058e2
3.4e-1 4.0e-1 1.12415e2 1.12415e2
3.6e-1 4.0e-1 1.16756e2 1.16756e2
3.8e-1 4.0e-1 1.21086e2 1.21086e2
4.0e-1 4.0e-1 1.25415e2 1.25415e2
4.2e-1 4.0e-1 1.29747e2 1.29747e2
4.4e-1 4.0e-1 1.34091e2 1.34091e2
4.6e-1 4.0e-1 1.38449e2 1.38449e2
4.8e-1 4.0e-1 1.42827e2 1.42827e2
5.0e-1 4.0e-1 1.47229e2 1.47229e2
5.2e-1 4.0e-1 1.51662e2 1.51662e2
5.4e-1 4.0e-1 1.56128e2 1.56128e2
5.6e-1 4.0e-1 1.60631e2 1.60631e2
5.8e-1 4.0e-1 1.65178e2 1.65178e2
6.0e-1 4.0e-1 1.69771e2 1.69771e2
6.2e-1 4.0e-1 1.74413e2 1.74413e2
6.4e-1 4.0e-1 1.79109e2 1.79109e2
6.6e-1 4.0e-1 1.83862e2 1.83862e2
6.8e-1 4.0e-1 1.88678e2 1.88678e2
7.0e-1 4.0e-1 1.9356e2 1.9356e2
7.2e-1 4.0e-1 1.9851e2 1.9851e2
7.4e-1 4.0e-1 2.03535e2 2.03535e2
7.6e-1 4.0e-1 2.0864e2 2.0864e2
7.8e-1 4.0e-1 2.13824e2 2.13824e2
8.0e-1 4.0e-1 2.19096e2 2.19096e2
8.2e-1 4.0e-1 2.24458e2 2.24458e2
8.4e-1 4.0e-1 2.29916e2 2.29916e2
8.6e-1 4.0e-1 2.35474e2 2.35474e2
8.8e-1 4.0e-1 2.41138e2 2.41138e2
9.0e-1 4.0e-1 2.46912e2 2.46912e2
9.2e-1 4.0e-1 2.52798e2 2.52798e2
9.4e-1 4.0e-1 2.58807e2 2.58807e2
9.6e-1 4.0e-1 2.64944e2 2.64944e2
9.8e-1 4.0e-1 2.71211e2 2.71211e2
1.0e0 4.0e-1 2.77618e2 2.77618e2

0.0e0 4.2e-1 0.0e0 0.0e0
2.0e-2 4.2e-1 2.43428e1 2.43428e1
4.0e-2 4.2e-1 3.472e1 3.472e1
6.0e-2 4.2e-1 4.289e1 4.289e1
8.0e-2 4.2e-1 4.9954e1 4.9954e1
1.0e-1 4.2e-1 5.634e1 5.634e1
1.2e-1 4.2e-1 6.2263e1 6.2263e1
1.4e-1 4.2e-1 6.7853e1 6.7853e1
1.6e-1 4.2e-1 7.3192e1 7.3192e1
1.8e-1 4.2e-1 7.8336e1 7.8336e1
2.0e-1 4.2e-1 8.3331e1 8.3331e1
2.2e-1 4.2e-1 8.8206e1 8.8206e1
2.4e-1 4.2e-1 9.299e1 9.299e1
2.6e-1 4.2e-1 9.7702e1 9.7702e1
2.8e-1 4.2e-1 1.02354e2 1.02354e2
3.0e-1 4.2e-1 1.06966e2 1.06966e2
3.2e-1 4.2e-1 1.11545e2 1.11545e2
3.4e-1 4.2e-1 1.16104e2 1.16104e2
3.6e-1 4.2e-1 1.20653e2 1.20653e2
3.8e-1 4.2e-1 1.25198e2 1.25198e2
4.0e-1 4.2e-1 1.29747e2 1.29747e2
4.2e-1 4.2e-1 1.34308e2 1.34308e2
4.4e-1 4.2e-1 1.38885e2 1.38885e2
4.6e-1 4.2e-1 1.43484e2 1.43484e2
4.8e-1 4.2e-1 1.48114e2 1.48114e2
5.0e-1 4.2e-1 1.52774e2 1.52774e2
5.2e-1 4.2e-1 1.57474e2 1.57474e2
5.4e-1 4.2e-1 1.62218e2 1.62218e2
5.6e-1 4.2e-1 1.67009e2 1.67009e2
5.8e-1 4.2e-1 1.71852e2 1.71852e2
6.0e-1 4.2e-1 1.76753e2 1.76753e2
6.2e-1 4.2e-1 1.81715e2 1.81715e2
6.4e-1 4.2e-1 1.86745e2 1.86745e2
6.6e-1 4.2e-1 1.91843e2 1.91843e2
6.8e-1 4.2e-1 1.97018e2 1.97018e2
7.0e-1 4.2e-1 2.02274e2 2.02274e2
7.2e-1 4.2e-1 2.07613e2 2.07613e2
7.4e-1 4.2e-1 2.13042e2 2.13042e2
7.6e-1 4.2e-1 2.18565e2 2.18565e2
7.8e-1 4.2e-1 2.24188e2 2.24188e2
8.0e-1 4.2e-1 2.29916e2 2.29916e2
8.2e-1 4.2e-1 2.35754e2 2.35754e2
8.4e-1 4.2e-1 2.41708e2 2.41708e2
8.6e-1 4.2e-1 2.47786e2 2.47786e2
8.8e-1 4.2e-1 2.5399e2 2.5399e2
9.0e-1 4.2e-1 2.6033e2 2.6033e2
9.2e-1 4.2e-1 2.6681e2 2.6681e2
9.4e-1 4.2e-1 2.73438e2 2.73438e2
9.6e-1 4.2e-1 2.8022e2 2.8022e2
9.8e-1 4.2e-1 2.87166e2 2.87166e2
1.0e0 4.2e-1 2.94283e2 2.94283e2

0.0e0 4.4e-1 0.0e0 0.0e0
2.0e-2 4.4e-1 2.49258e1 2.49258e1
4.0e-2 4.4e-1 3.5565e1 3.5565e1
6.0e-2 4.4e-1 4.3953e1 4.3953e1
8.0e-2 4.4e-1 5.1215e1 5.1215e1
1.0e-1 4.4e-1 5.7787e1 5.7787e1
1.2e-1 4.4e-1 6.389e1 6.389e1
1.4e-1 4.4e-1 6.9658e1 6.9658e1
1.6e-1 4.4e-1 7.5171e1 7.5171e1
1.8e-1 4.4e-1 8.0493e1 8.0493e1
2.0e-1 4.4e-1 8.5666e1 8.5666e1
2.2e-1 4.4e-1 9.0723e1 9.0723e1
2.4e-1 4.4e-1 9.5691e1 9.5691e1
2.6e-1 4.4e-1 1.00587e2 1.00587e2
2.8e-1 4.4e-1 1.05432e2 1.05432e2
3.0e-1 4.4e-1 1.10239e2 1.10239e2
3.2e-1 4.4e-1 1.1502e2 1.1502e2
3.4e-1 4.4e-1 1.19788e2 1.19788e2
3.6e-1 4.4e-1 1.2455e2 1.2455e2
3.8e-1 4.4e-1 1.29314e2 1.29314e2
4.0e-1 4.4e-1 1.34091e2 1.34091e2
4.2e-1 4.4e-1 1.38885e2 1.38885e2
4.4e-1 4.4e-1 1.43704e2 1.43704e2
4.6e-1 4.4e-1 1.48555e2 1.48555e2
4.8e-1 4.4e-1 1.53444e2 1.53444e2
5.0e-1 4.4e-1 1.58376e2 1.58376e2
5.2e-1 4.4e-1 1.63354e2 1.63354e2
5.4e-1 4.4e-1 1.68387e2 1.68387e2
5.6e-1 4.4e-1 1.7348e2 1.7348e2
5.8e-1 4.4e-1 1.78636e2 1.78636e2
6.0e-1 4.4e-1 1.83862e2 1.83862e2
6.2e-1 4.4e-1 1.89165e2 1.89165e2
6.4e-1 4.4e-1 1.94543e2 1.94543e2
6.6e-1 4.4e-1 2.0001e2 2.0001e2
6.8e-1 4.4e-1 2.05566e2 2.05566e2
7.0e-1 4.4e-1 2.11221e2 2.11221e2
7.2e-1 4.4e-1 2.16977e2 2.16977e2
7.4e-1 4.4e-1 2.2284e2 2.2284e2
7.6e-1 4.4e-1 2.28818e2 2.28818e2
7.8e-1 4.4e-1 2.34914e2 2.34914e2
8.0e-1 4.4e-1 2.41138e2 2.41138e2
8.2e-1 4.4e-1 2.47493e2 2.47493e2
8.4e-1 4.4e-1 2.5399e2 2.5399e2
8.6e-1 4.4e-1 2.60635e2 2.60635e2
8.8e-1 4.4e-1 2.67435e2 2.67435e2
9.0e-1 4.4e-1 2.74396e2 2.74396e2
9.2e-1 4.4e-1 2.8153e2 2.8153e2
9.4e-1 4.4e-1 2.88846e2 2.88846e2
9.6e-1 4.4e-1 2.96349e2 2.96349e2
9.8e-1 4.4e-1 3.04053e2 3.04053e2
1.0e0 4.4e-1 3.11966e2 3.11966e2

0.0e0 4.6e-1 0.0e0 0.0e0
2.0e-2 4.6e-1 2.54962e1 2.54962e1
4.0e-2 4.6e-1 3.6394e1 3.6394e1
6.0e-2 4.6e-1 4.4995e1 4.4995e1
8.0e-2 4.6e-1 5.2454e1 5.2454e1
1.0e-1 4.6e-1 5.921e1 5.921e1
1.2e-1 4.6e-1 6.5492e1 6.5492e1
1.4e-1 4.6e-1 7.1436e1 7.1436e1
1.6e-1 4.6e-1 7.7127e1 7.7127e1
1.8e-1 4.6e-1 8.2626e1 8.2626e1
2.0e-1 4.6e-1 8.7978e1 8.7978e1
2.2e-1 4.6e-1 9.3217e1 9.3217e1
2.4e-1 4.6e-1 9.8369e1 9.8369e1
2.6e-1 4.6e-1 1.03456e2 1.03456e2
2.8e-1 4.6e-1 1.08495e2 1.08495e2
3.0e-1 4.6e-1 1.13501e2 1.13501e2
3.2e-1 4.6e-1 1.18488e2 1.18488e2
3.4e-1 4.6e-1 1.23466e2 1.23466e2
3.6e-1 4.6e-1 1.28447e2 1.28447e2
3.8e-1 4.6e-1 1.33438e2 1.33438e2
4.0e-1 4.6e-1 1.38449e2 1.38449e2
4.2e-1 4.6e-1 1.43484e2 1.43484e2
4.4e-1 4.6e-1 1.48555e2 1.48555e2
4.6e-1 4.6e-1 1.53667e2 1.53667e2
4.8e-1 4.6e-1 1.58826e2 1.58826e2
5.0e-1 4.6e-1 1.64038e2 1.64038e2
5.2e-1 4.6e-1 1.69308e2 1.69308e2
5.4e-1 4.6e-1 1.74646e2 1.74646e2
5.6e-1 4.6e-1 1.80054e2 1.80054e2
5.8e-1 4.6e-1 1.85541e2 1.85541e2
6.0e-1 4.6e-1 1.9111e2 1.9111e2
6.2e-1 4.6e-1 1.9677e2 1.9677e2
6.4e-1 4.6e-1 2.02525e2 2.02525e2
6.6e-1 4.6e-1 2.08382e2 2.08382e2
6.8e-1 4.6e-1 2.14346e2 2.14346e2
7.0e-1 4.6e-1 2.20428e2 2.20428e2
7.2e-1 4.6e-1 2.2663e2 2.2663e2
7.4e-1 4.6e-1 2.3296e2 2.3296e2
7.6e-1 4.6e-1 2.39429e2 2.39429e2
7.8e-1 4.6e-1 2.46037e2 2.46037e2
8.0e-1 4.6e-1 2.52798e2 2.52798e2
8.2e-1 4.6e-1 2.5972e2 2.5972e2
8.4e-1 4.6e-1 2.6681e2 2.6681e2
8.6e-1 4.6e-1 2.74075e2 2.74075e2
8.8e-1 4.6e-1 2.8153e2 2.8153e2
9.0e-1 4.6e-1 2.89182e2 2.89182e2
9.2e-1 4.6e-1 2.97041e2 2.97041e2
9.4e-1 4.6e-1 3.0512e2 3.0512e2
9.6e-1 4.6e-1 3.13428e2 3.13428e2
9.8e-1 4.6e-1 3.2198e2 3.2198e2
1.0e0 4.6e-1 3.3079e2 3.3079e2

0.0e0 4.8e-1 0.0e0 0.0e0
2.0e-2 4.8e-1 2.60551e1 2.60551e1
4.0e-2 4.8e-1 3.7207e1 3.7207e1
6.0e-2 4.8e-1 4.602e1 4.602e1
8.0e-2 4.8e-1 5.367e1 5.367e1
1.0e-1 4.8e-1 6.0611e1 6.0611e1
1.2e-1 4.8e-1 6.7072e1 6.7072e1
1.4e-1 4.8e-1 7.3192e1 7.3192e1
1.6e-1 4.8e-1 7.9059e1 7.9059e1
1.8e-1 4.8e-1 8.4735e1 8.4735e1
2.0e-1 4.8e-1 9.0266e1 9.0266e1
2.2e-1 4.8e-1 9.5691e1 9.5691e1
2.4e-1 4.8e-1 1.01031e2 1.01031e2
2.6e-1 4.8e-1 1.0631e2 1.0631e2
2.8e-1 4.8e-1 1.11545e2 1.11545e2
3.0e-1 4.8e-1 1.16756e2 1.16756e2
3.2e-1 4.8e-1 1.21953e2 1.21953e2
3.4e-1 4.8e-1 1.27147e2 1.27147e2
3.6e-1 4.8e-1 1.32352e2 1.32352e2
3.8e-1 4.8e-1 1.37575e2 1.37575e2
4.0e-1 4.8e-1 1.42827e2 1.42827e2
4.2e-1 4.8e-1 1.48114e2 1.48114e2
4.4e-1 4.8e-1 1.53444e2 1.53444e2
4.6e-1 4.8e-1 1.58826e2 1.58826e2
4.8e-1 4.8e-1 1.64265e2 1.64265e2
5.0e-1 4.8e-1 1.69771e2 1.69771e2
5.2e-1 4.8e-1 1.75346e2 1.75346e2
5.4e-1 4.8e-1 1.81003e2 1.81003e2
5.6e-1 4.8e-1 1.86745e2 1.86745e2
5.8e-1 4.8e-1 1.92578e2 1.92578e2
6.0e-1 4.8e-1 1.9851e2 1.9851e2
6.2e-1 4.8e-1 2.0455e2 2.0455e2
6.4e-1 4.8e-1 2.10703e2 2.10703e2
6.6e-1 4.8e-1 2.16977e2 2.16977e2
6.8e-1 4.8e-1 2.2338e2 2.2338e2
7.0e-1 4.8e-1 2.29916e2 2.29916e2
7.2e-1 4.8e-1 2.36598e2 2.36598e2
7.4e-1 4.8e-1 2.43433e2 2.43433e2
7.6e-1 4.8e-1 2.5043e2 2.5043e2
7.8e-1 4.8e-1 2.57597e2 2.57597e2
8.0e-1 4.8e-1 2.64944e2 2.64944e2
8.2e-1 4.8e-1 2.72481e2 2.72481e2
8.4e-1 4.8e-1 2.8022e2 2.8022e2
8.6e-1 4.8e-1 2.88173e2 2.88173e2
8.8e-1 4.8e-1 2.96349e2 2.96349e2
9.0e-1 4.8e-1 3.04762e2 3.04762e2
9.2e-1 4.8e-1 3.13428e2 3.13428e2
9.4e-1 4.8e-1 3.22359e2 3.22359e2
9.6e-1 4.8e-1 3.3157e2 3.3157e2
9.8e-1 4.8e-1 3.4108e2 3.4108e2
1.0e0 4.8e-1 3.50902e2 3.50902e2

0.0e0 5.0e-1 0.0e0 0.0e0
2.0e-2 5.0e-1 2.66028e1 2.66028e1
4.0e-2 5.0e-1 3.8007e1 3.8007e1
6.0e-2 5.0e-1 4.7028e1 4.7028e1
8.0e-2 5.0e-1 5.4868e1 5.4868e1
1.0e-1 5.0e-1 6.199e1 6.199e1
1.2e-1 5.0e-1 6.863e1 6.863e1
1.4e-1 5.0e-1 7.4925e1 7.4925e1
1.6e-1 5.0e-1 8.097e1 8.097e1
1.8e-1 5.0e-1 8.6824e1 8.6824e1
2.0e-1 5.0e-1 9.2538e1 9.2538e1
2.2e-1 5.0e-1 9.8146e1 9.8146e1
2.4e-1 5.0e-1 1.03676e2 1.03676e2
2.6e-1 5.0e-1 1.09149e2 1.09149e2
2.8e-1 5.0e-1 1.14586e2 1.14586e2
3.0e-1 5.0e-1 1.20004e2 1.20004e2
3.2e-1 5.0e-1 1.25415e2 1.25415e2
3.4e-1 5.0e-1 1.30832e2 1.30832e2
3.6e-1 5.0e-1 1.36267e2 1.36267e2
3.8e-1 5.0e-1 1.4173e2 1.4173e2
4.0e-1 5.0e-1 1.47229e2 1.47229e2
4.2e-1 5.0e-1 1.52774e2 1.52774e2
4.4e-1 5.0e-1 1.58376e2 1.58376e2
4.6e-1 5.0e-1 1.64038e2 1.64038e2
4.8e-1 5.0e-1 1.69771e2 1.69771e2
5.0e-1 5.0e-1 1.75581e2 1.75581e2
5.2e-1 5.0e-1 1.81477e2 1.81477e2
5.4e-1 5.0e-1 1.87468e2 1.87468e2
5.6e-1 5.0e-1 1.9356e2 1.9356e2
5.8e-1 5.0e-1 1.9976e2 1.9976e2
6.0e-1 5.0e-1 2.06078e2 2.06078e2
6.2e-1 5.0e-1 2.1252e2 2.1252e2
6.4e-1 5.0e-1 2.19096e2 2.19096e2
6.6e-1 5.0e-1 2.25813e2 2.25813e2
6.8e-1 5.0e-1 2.32681e2 2.32681e2
7.0e-1 5.0e-1 2.39711e2 2.39711e2
7.2e-1 5.0e-1 2.46912e2 2.46912e2
7.4e-1 5.0e-1 2.5429e2 2.5429e2
7.6e-1 5.0e-1 2.6186e2 2.6186e2
7.8e-1 5.0e-1 2.6963e2 2.6963e2
8.0e-1 5.0e-1 2.77618e2 2.77618e2
8.2e-1 5.0e-1 2.8583e2 2.8583e2
8.4e-1 5.0e-1 2.94283e2 2.94283e2
8.6e-1 5.0e-1 3.0299e2 3.0299e2
8.8e-1 5.0e-1 3.11966e2 3.11966e2
9.0e-1 5.0e-1 3.21227e2 3.21227e2
9.2e-1 5.0e-1 3.3079e2 3.3079e2
9.4e-1 5.0e-1 3.40677e2 3.40677e2
9.6e-1 5.0e-1 3.50902e2 3.50902e2
9.8e-1 5.0e-1 3.6149e2 3.6149e2
1.0e0 5.0e-1 3.72464e2 3.72464e2

0.0e0 5.2e-1 0.0e0 0.0e0
2.0e-2 5.2e-1 2.71407e1 2.71407e1
4.0e-2 5.2e-1 3.8791e1 3.8791e1
6.0e-2 5.2e-1 4.8018e1 4.8018e1
8.0e-2 5.2e-1 5.6049e1 5.6049e1
1.0e-1 5.2e-1 6.3351e1 6.3351e1
1.2e-1 5.2e-1 7.0168e1 7.0168e1
1.4e-1 5.2e-1 7.664e1 7.664e1
1.6e-1 5.2e-1 8.2861e1 8.2861e1
1.8e-1 5.2e-1 8.8896e1 8.8896e1
2.0e-1 5.2e-1 9.4794e1 9.4794e1
2.2e-1 5.2e-1 1.00587e2 1.00587e2
2.4e-1 5.2e-1 1.0631e2 1.0631e2
2.6e-1 5.2e-1 1.1198e2 1.1198e2
2.8e-1 5.2e-1 1.17621e2 1.17621e2
3.0e-1 5.2e-1 1.2325e2 1.2325e2
3.2e-1 5.2e-1 1.2888e2 1.2888e2
3.4e-1 5.2e-1 1.34526e2 1.34526e2
3.6e-1 5.2e-1 1.40196e2 1.40196e2
3.8e-1 5.2e-1 1.45906e2 1.45906e2
4.0e-1 5.2e-1 1.51662e2 1.51662e2
4.2e-1 5.2e-1 1.57474e2 1.57474e2
4.4e-1 5.2e-1 1.63354e2 1.63354e2
4.6e-1 5.2e-1 1.69308e2 1.69308e2
4.8e-1 5.2e-1 1.75346e2 1.75346e2
5.0e-1 5.2e-1 1.81477e2 1.81477e2
5.2e-1 5.2e-1 1.8771e2 1.8771e2
5.4e-1 5.2e-1 1.94052e2 1.94052e2
5.6e-1 5.2e-1 2.00513e2 2.00513e2
5.8e-1 5.2e-1 2.071e2 2.071e2
6.0e-1 5.2e-1 2.13824e2 2.13824e2
6.2e-1 5.2e-1 2.20695e2 2.20695e2
6.4e-1 5.2e-1 2.2772e2 2.2772e2
6.6e-1 5.2e-1 2.34914e2 2.34914e2
6.8e-1 5.2e-1 2.42284e2 2.42284e2
7.0e-1 5.2e-1 2.4984e2 2.4984e2
7.2e-1 5.2e-1 2.57597e2 2.57597e2
7.4e-1 5.2e-1 2.65564e2 2.65564e2
7.6e-1 5.2e-1 2.73756e2 2.73756e2
7.8e-1 5.2e-1 2.82188e2 2.82188e2
8.0e-1 5.2e-1 2.90872e2 2.90872e2
8.2e-1 5.2e-1 2.99825e2 2.99825e2
8.4e-1 5.2e-1 3.09064e2 3.09064e2
8.6e-1 5.2e-1 3.18604e2 3.18604e2
8.8e-1 5.2e-1 3.28467e2 3.28467e2
9.0e-1 5.2e-1 3.38673e2 3.38673e2
9.2e-1 5.2e-1 3.49242e2 3.49242e2
9.4e-1 5.2e-1 3.602e2 3.602e2
9.6e-1 5.2e-1 3.71571e2 3.71571e2
9.8e-1 5.2e-1 3.83383e2 3.83383e2
1.0e0 5.2e-1 3.95667e2 3.95667e2

0.0e0 5.4e-1 0.0e0 0.0e0
2.0e-2 5.4e-1 2.76689e1 2.76689e1
4.0e-2 5.4e-1 3.9561e1 3.9561e1
6.0e-2 5.4e-1 4.8993e1 4.8993e1
8.0e-2 5.4e-1 5.7211e1 5.7211e1
1.0e-1 5.4e-1 6.4694e1 6.4694e1
1.2e-1 5.4e-1 7.1687e1 7.1687e1
1.4e-1 5.4e-1 7.8336e1 7.8336e1
1.6e-1 5.4e-1 8.4735e1 8.4735e1
1.8e-1 5.4e-1 9.095e1 9.095e1
2.0e-1 5.4e-1 9.7032e1 9.7032e1
2.2e-1 5.4e-1 1.03015e2 1.03015e2
2.4e-1 5.4e-1 1.08931e2 1.08931e2
2.6e-1 5.4e-1 1.14804e2 1.14804e2
2.8e-1 5.4e-1 1.20653e2 1.20653e2
3.0e-1 5.4e-1 1.26497e2 1.26497e2
3.2e-1 5.4e-1 1.32352e2 1.32352e2
3.4e-1 5.4e-1 1.3823e2 1.3823e2
3.6e-1 5.4e-1 1.44144e2 1.44144e2
3.8e-1 5.4e-1 1.50107e2 1.50107e2
4.0e-1 5.4e-1 1.56128e2 1.56128e2
4.2e-1 5.4e-1 1.62218e2 1.62218e2
4.4e-1 5.4e-1 1.68387e2 1.68387e2
4.6e-1 5.4e-1 1.74646e2 1.74646e2
4.8e-1 5.4e-1 1.81003e2 1.81003e2
5.0e-1 5.4e-1 1.87468e2 1.87468e2
5.2e-1 5.4e-1 1.94052e2 1.94052e2
5.4e-1 5.4e-1 2.00763e2 2.00763e2
5.6e-1 5.4e-1 2.07613e2 2.07613e2
5.8e-1 5.4e-1 2.14609e2 2.14609e2
6.0e-1 5.4e-1 2.21767e2 2.21767e2
6.2e-1 5.4e-1 2.29091e2 2.29091e2
6.4e-1 5.4e-1 2.36598e2 2.36598e2
6.6e-1 5.4e-1 2.443e2 2.443e2
6.8e-1 5.4e-1 2.52205e2 2.52205e2
7.0e-1 5.4e-1 2.6033e2 2.6033e2
7.2e-1 5.4e-1 2.68687e2 2.68687e2
7.4e-1 5.4e-1 2.77293e2 2.77293e2
7.6e-1 5.4e-1 2.86163e2 2.86163e2
7.8e-1 5.4e-1 2.95314e2 2.95314e2
8.0e-1 5.4e-1 3.04762e2 3.04762e2
8.2e-1 5.4e-1 3.1453e2 3.1453e2
8.4e-1 5.4e-1 3.24635e2 3.24635e2
8.6e-1 5.4e-1 3.351e2 3.351e2
8.8e-1 5.4e-1 3.4595e2 3.4595e2
9.0e-1 5.4e-1 3.5721e2 3.5721e2
9.2e-1 5.4e-1 3.68909e2 3.68909e2
9.4e-1 5.4e-1 3.81075e2 3.81075e2
9.6e-1 5.4e-1 3.93745e2 3.93745e2
9.8e-1 5.4e-1 4.06952e2 4.06952e2
1.0e0 5.4e-1 4.20734e2 4.20734e2

0.0e0 5.6e-1 0.0e0 0.0e0
2.0e-2 5.6e-1 2.81879e1 2.81879e1
4.0e-2 5.6e-1 4.032e1 4.032e1
6.0e-2 5.6e-1 4.9954e1 4.9954e1
8.0e-2 5.6e-1 5.8359e1 5.8359e1
1.0e-1 5.6e-1 6.6022e1 6.6022e1
1.2e-1 5.6e-1 7.3192e1 7.3192e1
1.4e-1 5.6e-1 8.0016e1 8.0016e1
1.6e-1 5.6e-1 8.6594e1 8.6594e1
1.8e-1 5.6e-1 9.299e1 9.299e1
2.0e-1 5.6e-1 9.9258e1 9.9258e1
2.2e-1 5.6e-1 1.05432e2 1.05432e2
2.4e-1 5.6e-1 1.11545e2 1.11545e2
2.6e-1 5.6e-1 1.17621e2 1.17621e2
2.8e-1 5.6e-1 1.23683e2 1.23683e2
3.0e-1 5.6e-1 1.29747e2 1.29747e2
3.2e-1 5.6e-1 1.35832e2 1.35832e2
3.4e-1 5.6e-1 1.41948e2 1.41948e2
3.6e-1 5.6e-1 1.48114e2 1.48114e2
3.8e-1 5.6e-1 1.54337e2 1.54337e2
4.0e-1 5.6e-1 1.60631e2 1.60631e2
4.2e-1 5.6e-1 1.67009e2 1.67009e2
4.4e-1 5.6e-1 1.7348e2 1.7348e2
4.6e-1 5.6e-1 1.80054e2 1.80054e2
4.8e-1 5.6e-1 1.86745e2 1.86745e2
5.0e-1 5.6e-1 1.9356e2 1.9356e2
5.2e-1 5.6e-1 2.00513e2 2.00513e2
5.4e-1 5.6e-1 2.07613e2 2.07613e2
5.6e-1 5.6e-1 2.14871e2 2.14871e2
5.8e-1 5.6e-1 2.22302e2 2.22302e2
6.0e-1 5.6e-1 2.29916e2 2.29916e2
6.2e-1 5.6e-1 2.37726e2 2.37726e2
6.4e-1 5.6e-1 2.45747e2 2.45747e2
6.6e-1 5.6e-1 2.5399e2 2.5399e2
6.8e-1 5.6e-1 2.62473e2 2.62473e2
7.0e-1 5.6e-1 2.71211e2 2.71211e2
7.2e-1 5.6e-1 2.8022e2 2.8022e2
7.4e-1 5.6e-1 2.8952e2 2.8952e2
7.6e-1 5.6e-1 2.99127e2 2.99127e2
7.8e-1 5.6e-1 3.09064e2 3.09064e2
8.0e-1 5.6e-1 3.19353e2 3.19353e2
8.2e-1 5.6e-1 3.30014e2 3.30014e2
8.4e-1 5.6e-1 3.4108e2 3.4108e2
8.6e-1 5.6e-1 3.52571e2 3.52571e2
8.8e-1 5.6e-1 3.64523e2 3.64523e2
9.0e-1 5.6e-1 3.76965e2 3.76965e2
9.2e-1 5.6e-1 3.89935e2 3.89935e2
9.4e-1 5.6e-1 4.03474e2 4.03474e2
9.6e-1 5.6e-1 4.1762e2 4.1762e2
9.8e-1 5.6e-1 4.3242e2 4.3242e2
1.0e0 5.6e-1 4.4793e2 4.4793e2

0.0e0 5.8e-1 0.0e0 0.0e0
2.0e-2 5.8e-1 2.86986e1 2.86986e1
4.0e-2 5.8e-1 4.1068e1 4.1068e1
6.0e-2 5.8e-1 5.0902e1 5.0902e1
8.0e-2 5.8e-1 5.9491e1 5.9491e1
1.0e-1 5.8e-1 6.7332e1 6.7332e1
1.2e-1 5.8e-1 7.4678e1 7.4678e1
1.4e-1 5.8e-1 8.168e1 8.168e1
1.6e-1 5.8e-1 8.8437e1 8.8437e1
1.8e-1 5.8e-1 9.5018e1 9.5018e1
2.0e-1 5.8e-1 1.01471e2 1.01471e2
2.2e-1 5.8e-1 1.0784e2 1.0784e2
2.4e-1 5.8e-1 1.14153e2 1.14153e2
2.6e-1 5.8e-1 1.20438e2 1.20438e2
2.8e-1 5.8e-1 1.26714e2 1.26714e2
3.0e-1 5.8e-1 1.33003e2 1.33003e2
3.2e-1 5.8e-1 1.39322e2 1.39322e2
3.4e-1 5.8e-1 1.45685e2 1.45685e2
3.6e-1 5.8e-1 1.52106e2 1.52106e2
3.8e-1 5.8e-1 1.58601e2 1.58601e2
4.0e-1 5.8e-1 1.65178e2 1.65178e2
4.2e-1 5.8e-1 1.71852e2 1.71852e2
4.4e-1 5.8e-1 1.78636e2 1.78636e2
4.6e-1 5.8e-1 1.85541e2 1.85541e2
4.8e-1 5.8e-1 1.92578e2 1.92578e2
5.0e-1 5.8e-1 1.9976e2 1.9976e2
5.2e-1 5.8e-1 2.071e2 2.071e2
5.4e-1 5.8e-1 2.14609e2 2.14609e2
5.6e-1 5.8e-1 2.22302e2 2.22302e2
5.8e-1 5.8e-1 2.30193e2 2.30193e2
6.0e-1 5.8e-1 2.38292e2 2.38292e2
6.2e-1 5.8e-1 2.46619e2 2.46619e2
6.4e-1 5.8e-1 2.55188e2 2.55188e2
6.6e-1 5.8e-1 2.64015e2 2.64015e2
6.8e-1 5.8e-1 2.73119e2 2.73119e2
7.0e-1 5.8e-1 2.82516e2 2.82516e2
7.2e-1 5.8e-1 2.92232e2 2.92232e2
7.4e-1 5.8e-1 3.02284e2 3.02284e2
7.6e-1 5.8e-1 3.12695e2 3.12695e2
7.8e-1 5.8e-1 3.23494e2 3.23494e2
8.0e-1 5.8e-1 3.34706e2 3.34706e2
8.2e-1 5.8e-1 3.4636e2 3.4636e2
8.4e-1 5.8e-1 3.58488e2 3.58488e2
8.6e-1 5.8e-1 3.71124e2 3.71124e2
8.8e-1 5.8e-1 3.84311e2 3.84311e2
9.0e-1 5.8e-1 3.98085e2 3.98085e2
9.2e-1 5.8e-1 4.12494e2 4.12494e2
9.4e-1 5.8e-1 4.27588e2 4.27588e2
9.6e-1 5.8e-1 4.43423e2 4.43423e2
9.8e-1 5.8e-1 4.6006e2 4.6006e2
1.0e0 5.8e-1 4.77567e2 4.77567e2

0.0e0 6.0e-1 0.0e0 0.0e0
2.0e-2 6.0e-1 2.92009e1 2.92009e1
4.0e-2 6.0e-1 4.1805e1 4.1805e1
6.0e-2 6.0e-1 5.1837e1 5.1837e1
8.0e-2 6.0e-1 6.0611e1 6.0611e1
1.0e-1 6.0e-1 6.863e1 6.863e1
1.2e-1 6.0e-1 7.6152e1 7.6152e1
1.4e-1 6.0e-1 8.3331e1 8.3331e1
1.6e-1 6.0e-1 9.0266e1 9.0266e1
1.8e-1 6.0e-1 9.7032e1 9.7032e1
2.0e-1 6.0e-1 1.03676e2 1.03676e2
2.2e-1 6.0e-1 1.10239e2 1.10239e2
2.4e-1 6.0e-1 1.16756e2 1.16756e2
2.6e-1 6.0e-1 1.2325e2 1.2325e2
2.8e-1 6.0e-1 1.29747e2 1.29747e2
3.0e-1 6.0e-1 1.36267e2 1.36267e2
3.2e-1 6.0e-1 1.42827e2 1.42827e2
3.4e-1 6.0e-1 1.49442e2 1.49442e2
3.6e-1 6.0e-1 1.56128e2 1.56128e2
3.8e-1 6.0e-1 1.629e2 1.629e2
4.0e-1 6.0e-1 1.69771e2 1.69771e2
4.2e-1 6.0e-1 1.76753e2 1.76753e2
4.4e-1 6.0e-1 1.83862e2 1.83862e2
4.6e-1 6.0e-1 1.9111e2 1.9111e2
4.8e-1 6.0e-1 1.9851e2 1.9851e2
5.0e-1 6.0e-1 2.06078e2 2.06078e2
5.2e-1 6.0e-1 2.13824e2 2.13824e2
5.4e-1 6.0e-1 2.21767e2 2.21767e2
5.6e-1 6.0e-1 2.29916e2 2.29916e2
5.8e-1 6.0e-1 2.38292e2 2.38292e2
6.0e-1 6.0e-1 2.46912e2 2.46912e2
6.2e-1 6.0e-1 2.55789e2 2.55789e2
6.4e-1 6.0e-1 2.64944e2 2.64944e2
6.6e-1 6.0e-1 2.74396e2 2.74396e2
6.8e-1 6.0e-1 2.8417e2 2.8417e2
7.0e-1 6.0e-1 2.94283e2 2.94283e2
7.2e-1 6.0e-1 3.04762e2 3.04762e2
7.4e-1 6.0e-1 3.15636e2 3.15636e2
7.6e-1 6.0e-1 3.26929e2 3.26929e2
7.8e-1 6.0e-1 3.38673e2 3.38673e2
8.0e-1 6.0e-1 3.50902e2 3.50902e2
8.2e-1 6.0e-1 3.63654e2 3.63654e2
8.4e-1 6.0e-1 3.76965e2 3.76965e2
8.6e-1 6.0e-1 3.90884e2 3.90884e2
8.8e-1 6.0e-1 4.05457e2 4.05457e2
9.0e-1 6.0e-1 4.20734e2 4.20734e2
9.2e-1 6.0e-1 4.36777e2 4.36777e2
9.4e-1 6.0e-1 4.5365e2 4.5365e2
9.6e-1 6.0e-1 4.71426e2 4.71426e2
9.8e-1 6.0e-1 4.90186e2 4.90186e2
1.0e0 6.0e-1 5.10017e2 5.10017e2

0.0e0 6.2e-1 0.0e0 0.0e0
2.0e-2 6.2e-1 2.96956e1 2.96956e1
4.0e-2 6.2e-1 4.253e1 4.253e1
6.0e-2 6.2e-1 5.2759e1 5.2759e1
8.0e-2 6.2e-1 6.1716e1 6.1716e1
1.0e-1 6.2e-1 6.9913e1 6.9913e1
1.2e-1 6.2e-1 7.7611e1 7.7611e1
1.4e-1 6.2e-1 8.4969e1 8.4969e1
1.6e-1 6.2e-1 9.2085e1 9.2085e1
1.8e-1 6.2e-1 9.9036e1 9.9036e1
2.0e-1 6.2e-1 1.0587e2 1.0587e2
2.2e-1 6.2e-1 1.12633e2 1.12633e2
2.4e-1 6.2e-1 1.19354e2 1.19354e2
2.6e-1 6.2e-1 1.26064e2 1.26064e2
2.8e-1 6.2e-1 1.32787e2 1.32787e2
3.0e-1 6.2e-1 1.3954e2 1.3954e2
3.2e-1 6.2e-1 1.46347e2 1.46347e2
3.4e-1 6.2e-1 1.53221e2 1.53221e2
3.6e-1 6.2e-1 1.60179e2 1.60179e2
3.8e-1 6.2e-1 1.67238e2 1.67238e2
4.0e-1 6.2e-1 1.74413e2 1.74413e2
4.2e-1 6.2e-1 1.81715e2 1.81715e2
4.4e-1 6.2e-1 1.89165e2 1.89165e2
4.6e-1 6.2e-1 1.9677e2 1.9677e2
4.8e-1 6.2e-1 2.0455e2 2.0455e2
5.0e-1 6.2e-1 2.1252e2 2.1252e2
5.2e-1 6.2e-1 2.20695e2 2.20695e2
5.4e-1 6.2e-1 2.29091e2 2.29091e2
5.6e-1 6.2e-1 2.37726e2 2.37726e2
5.8e-1 6.2e-1 2.46619e2 2.46619e2
6.0e-1 6.2e-1 2.55789e2 2.55789e2
6.2e-1 6.2e-1 2.65254e2 2.65254e2
6.4e-1 6.2e-1 2.75038e2 2.75038e2
6.6e-1 6.2e-1 2.85164e2 2.85164e2
6.8e-1 6.2e-1 2.95659e2 2.95659e2
7.0e-1 6.2e-1 3.06548e2 3.06548e2
7.2e-1 6.2e-1 3.17857e2 3.17857e2
7.4e-1 6.2e-1 3.29626e2 3.29626e2
7.6e-1 6.2e-1 3.41885e2 3.41885e2
7.8e-1 6.2e-1 3.5467e2 3.5467e2
8.0e-1 6.2e-1 3.68027e2 3.68027e2
8.2e-1 6.2e-1 3.81996e2 3.81996e2
8.4e-1 6.2e-1 3.96632e2 3.96632e2
8.6e-1 6.2e-1 4.11987e2 4.11987e2
8.8e-1 6.2e-1 4.28122e2 4.28122e2
9.0e-1 6.2e-1 4.45107e2 4.45107e2
9.2e-1 6.2e-1 4.63016e2 4.63016e2
9.4e-1 6.2e-1 4.8193e2 4.8193e2
9.6e-1 6.2e-1 5.0195e2 5.0195e2
9.8e-1 6.2e-1 5.23177e2 5.23177e2
1.0e0 6.2e-1 5.45734e2 5.45734e2

0.0e0 6.4e-1 0.0e0 0.0e0
2.0e-2 6.4e-1 3.01831e1 3.01831e1
4.0e-2 6.4e-1 4.3246e1 4.3246e1
6.0e-2 6.4e-1 5.367e1 5.367e1
8.0e-2 6.4e-1 6.2808e1 6.2808e1
1.0e-1 6.4e-1 7.1182e1 7.1182e1
1.2e-1 6.4e-1 7.9059e1 7.9059e1
1.4e-1 6.4e-1 8.6594e1 8.6594e1
1.6e-1 6.4e-1 9.3893e1 9.3893e1
1.8e-1 6.4e-1 1.01031e2 1.01031e2
2.0e-1 6.4e-1 1.08058e2 1.08058e2
2.2e-1 6.4e-1 1.1502e2 1.1502e2
2.4e-1 6.4e-1 1.21953e2 1.21953e2
2.6e-1 6.4e-1 1.2888e2 1.2888e2
2.8e-1 6.4e-1 1.35832e2 1.35832e2
3.0e-1 6.4e-1 1.42827e2 1.42827e2
3.2e-1 6.4e-1 1.49884e2 1.49884e2
3.4e-1 6.4e-1 1.57025e2 1.57025e2
3.6e-1 6.4e-1 1.64265e2 1.64265e2
3.8e-1 6.4e-1 1.7162e2 1.7162e2
4.0e-1 6.4e-1 1.79109e2 1.79109e2
4.2e-1 6.4e-1 1.86745e2 1.86745e2
4.4e-1 6.4e-1 1.94543e2 1.94543e2
4.6e-1 6.4e-1 2.02525e2 2.02525e2
4.8e-1 6.4e-1 2.10703e2 2.10703e2
5.0e-1 6.4e-1 2.19096e2 2.19096e2
5.2e-1 6.4e-1 2.2772e2 2.2772e2
5.4e-1 6.4e-1 2.36598e2 2.36598e2
5.6e-1 6.4e-1 2.45747e2 2.45747e2
5.8e-1 6.4e-1 2.55188e2 2.55188e2
6.0e-1 6.4e-1 2.64944e2 2.64944e2
6.2e-1 6.4e-1 2.75038e2 2.75038e2
6.4e-1 6.4e-1 2.85497e2 2.85497e2
6.6e-1 6.4e-1 2.96349e2 2.96349e2
6.8e-1 6.4e-1 3.07622e2 3.07622e2
7.0e-1 6.4e-1 3.19353e2 3.19353e2
7.2e-1 6.4e-1 3.3157e2 3.3157e2
7.4e-1 6.4e-1 3.44318e2 3.44318e2
7.6e-1 6.4e-1 3.57635e2 3.57635e2
7.8e-1 6.4e-1 3.71571e2 3.71571e2
8.0e-1 6.4e-1 3.86176e2 3.86176e2
8.2e-1 6.4e-1 4.01503e2 4.01503e2
8.4e-1 6.4e-1 4.1762e2 4.1762e2
8.6e-1 6.4e-1 4.34593e2 4.34593e2
8.8e-1 6.4e-1 4.52498e2 4.52498e2
9.0e-1 6.4e-1 4.71426e2 4.71426e2
9.2e-1 6.4e-1 4.91473e2 4.91473e2
9.4e-1 6.4e-1 5.12747e2 5.12747e2
9.6e-1 6.4e-1 5.35373e2 5.35373e2
9.8e-1 6.4e-1 5.59496e2 5.59496e2
1.0e0 6.4e-1 5.8527e2 5.8527e2

0.0e0 6.6e-1 0.0e0 0.0e0
2.0e-2 6.6e-1 3.06635e1 3.06635e1
4.0e-2 6.6e-1 4.3953e1 4.3953e1
6.0e-2 6.6e-1 5.457e1 5.457e1
8.0e-2 6.6e-1 6.389e1 6.389e1
1.0e-1 6.6e-1 7.2441e1 7.2441e1
1.2e-1 6.6e-1 8.0493e1 8.0493e1
1.4e-1 6.6e-1 8.8206e1 8.8206e1
1.6e-1 6.6e-1 9.5691e1 9.5691e1
1.8e-1 6.6e-1 1.03015e2 1.03015e2
2.0e-1 6.6e-1 1.10239e2 1.10239e2
2.2e-1 6.6e-1 1.17406e2 1.17406e2
2.4e-1 6.6e-1 1.2455e2 1.2455e2
2.6e-1 6.6e-1 1.317e2 1.317e2
2.8e-1 6.6e-1 1.38885e2 1.38885e2
3.0e-1 6.6e-1 1.46126e2 1.46126e2
3.2e-1 6.6e-1 1.53444e2 1.53444e2
3.4e-1 6.6e-1 1.60858e2 1.60858e2
3.6e-1 6.6e-1 1.68387e2 1.68387e2
3.8e-1 6.6e-1 1.7605e2 1.7605e2
4.0e-1 6.6e-1 1.83862e2 1.83862e2
4.2e-1 6.6e-1 1.91843e2 1.91843e2
4.4e-1 6.6e-1 2.0001e2 2.0001e2
4.6e-1 6.6e-1 2.08382e2 2.08382e2
4.8e-1 6.6e-1 2.16977e2 2.16977e2
5.0e-1 6.6e-1 2.25813e2 2.25813e2
5.2e-1 6.6e-1 2.34914e2 2.34914e2
5.4e-1 6.6e-1 2.443e2 2.443e2
5.6e-1 6.6e-1 2.5399e2 2.5399e2
5.8e-1 6.6e-1 2.64015e2 2.64015e2
6.0e-1 6.6e-1 2.74396e2 2.74396e2
6.2e-1 6.6e-1 2.85164e2 2.85164e2
6.4e-1 6.6e-1 2.96349e2 2.96349e2
6.6e-1 6.6e-1 3.07982e2 3.07982e2
6.8e-1 6.6e-1 3.201e2 3.201e2
7.0e-1 6.6e-1 3.32742e2 3.32742e2
7.2e-1 6.6e-1 3.4595e2 3.4595e2
7.4e-1 6.6e-1 3.5977e2 3.5977e2
7.6e-1 6.6e-1 3.74255e2 3.74255e2
7.8e-1 6.6e-1 3.89464e2 3.89464e2
8.0e-1 6.6e-1 4.05457e2 4.05457e2
8.2e-1 6.6e-1 4.22302e2 4.22302e2
8.4e-1 6.6e-1 4.40083e2 4.40083e2
8.6e-1 6.6e-1 4.58887e2 4.58887e2
8.8e-1 6.6e-1 4.78807e2 4.78807e2
9.0e-1 6.6e-1 4.9996e2 4.9996e2
9.2e-1 6.6e-1 5.22473e2 5.22473e2
9.4e-1 6.6e-1 5.46484e2 5.46484e2
9.6e-1 6.6e-1 5.72165e2 5.72165e2
9.8e-1 6.6e-1 5.99701e2 5.99701e2
1.0e0 6.6e-1 6.29306e2 6.29306e2

0.0e0 6.8e-1 0.0e0 0.0e0
2.0e-2 6.8e-1 3.11371e1 3.11371e1
4.0e-2 6.8e-1 4.465e1 4.465e1
6.0e-2 6.8e-1 5.5461e1 5.5461e1
8.0e-2 6.8e-1 6.4961e1 6.4961e1
1.0e-1 6.8e-1 7.369e1 7.369e1
1.2e-1 6.8e-1 8.1917e1 8.1917e1
1.4e-1 6.8e-1 8.981e1 8.981e1
1.6e-1 6.8e-1 9.7478e1 9.7478e1
1.8e-1 6.8e-1 1.04994e2 1.04994e2
2.0e-1 6.8e-1 1.12415e2 1.12415e2
2.2e-1 6.8e-1 1.19788e2 1.19788e2
2.4e-1 6.8e-1 1.27147e2 1.27147e2
2.6e-1 6.8e-1 1.34526e2 1.34526e2
2.8e-1 6.8e-1 1.41948e2 1.41948e2
3.0e-1 6.8e-1 1.49442e2 1.49442e2
3.2e-1 6.8e-1 1.57025e2 1.57025e2
3.4e-1 6.8e-1 1.64722e2 1.64722e2
3.6e-1 6.8e-1 1.7255e2 1.7255e2
3.8e-1 6.8e-1 1.80528e2 1.80528e2
4.0e-1 6.8e-1 1.88678e2 1.88678e2
4.2e-1 6.8e-1 1.97018e2 1.97018e2
4.4e-1 6.8e-1 2.05566e2 2.05566e2
4.6e-1 6.8e-1 2.14346e2 2.14346e2
4.8e-1 6.8e-1 2.2338e2 2.2338e2
5.0e-1 6.8e-1 2.32681e2 2.32681e2
5.2e-1 6.8e-1 2.42284e2 2.42284e2
5.4e-1 6.8e-1 2.52205e2 2.52205e2
5.6e-1 6.8e-1 2.62473e2 2.62473e2
5.8e-1 6.8e-1 2.73119e2 2.73119e2
6.0e-1 6.8e-1 2.8417e2 2.8417e2
6.2e-1 6.8e-1 2.95659e2 2.95659e2
6.4e-1 6.8e-1 3.07622e2 3.07622e2
6.6e-1 6.8e-1 3.201e2 3.201e2
6.8e-1 6.8e-1 3.33133e2 3.33133e2
7.0e-1 6.8e-1 3.46771e2 3.46771e2
7.2e-1 6.8e-1 3.6106e2 3.6106e2
7.4e-1 6.8e-1 3.7606e2 3.7606e2
7.6e-1 6.8e-1 3.91835e2 3.91835e2
7.8e-1 6.8e-1 4.08453e2 4.08453e2
8.0e-1 6.8e-1 4.25993e2 4.25993e2
8.2e-1 6.8e-1 4.44543e2 4.44543e2
8.4e-1 6.8e-1 4.64203e2 4.64203e2
8.6e-1 6.8e-1 4.85081e2 4.85081e2
8.8e-1 6.8e-1 5.07307e2 5.07307e2
9.0e-1 6.8e-1 5.31023e2 5.31023e2
9.2e-1 6.8e-1 5.56392e2 5.56392e2
9.4e-1 6.8e-1 5.83607e2 5.83607e2
9.6e-1 6.8e-1 6.12886e2 6.12886e2
9.8e-1 6.8e-1 6.44481e2 6.44481e2
1.0e0 6.8e-1 6.787e2 6.787e2

0.0e0 7.0e-1 0.0e0 0.0e0
2.0e-2 7.0e-1 3.16046e1 3.16046e1
4.0e-2 7.0e-1 4.534e1 4.534e1
6.0e-2 7.0e-1 5.634e1 5.634e1
8.0e-2 7.0e-1 6.6022e1 6.6022e1
1.0e-1 7.0e-1 7.4925e1 7.4925e1
1.2e-1 7.0e-1 8.3331e1 8.3331e1
1.4e-1 7.0e-1 9.1405e1 9.1405e1
1.6e-1 7.0e-1 9.9258e1 9.9258e1
1.8e-1 7.0e-1 1.06966e2 1.06966e2
2.0e-1 7.0e-1 1.14586e2 1.14586e2
2.2e-1 7.0e-1 1.22168e2 1.22168e2
2.4e-1 7.0e-1 1.29747e2 1.29747e2
2.6e-1 7.0e-1 1.37357e2 1.37357e2
2.8e-1 7.0e-1 1.45024e2 1.45024e2
3.0e-1 7.0e-1 1.52774e2 1.52774e2
3.2e-1 7.0e-1 1.60631e2 1.60631e2
3.4e-1 7.0e-1 1.68617e2 1.68617e2
3.6e-1 7.0e-1 1.76753e2 1.76753e2
3.8e-1 7.0e-1 1.8506e2 1.8506e2
4.0e-1 7.0e-1 1.9356e2 1.9356e2
4.2e-1 7.0e-1 2.02274e2 2.02274e2
4.4e-1 7.0e-1 2.11221e2 2.11221e2
4.6e-1 7.0e-1 2.20428e2 2.20428e2
4.8e-1 7.0e-1 2.29916e2 2.29916e2
5.0e-1 7.0e-1 2.39711e2 2.39711e2
5.2e-1 7.0e-1 2.4984e2 2.4984e2
5.4e-1 7.0e-1 2.6033e2 2.6033e2
5.6e-1 7.0e-1 2.71211e2 2.71211e2
5.8e-1 7.0e-1 2.82516e2 2.82516e2
6.0e-1 7.0e-1 2.94283e2 2.94283e2
6.2e-1 7.0e-1 3.06548e2 3.06548e2
6.4e-1 7.0e-1 3.19353e2 3.19353e2
6.6e-1 7.0e-1 3.32742e2 3.32742e2
6.8e-1 7.0e-1 3.46771e2 3.46771e2
7.0e-1 7.0e-1 3.6149e2 3.6149e2
7.2e-1 7.0e-1 3.76965e2 3.76965e2
7.4e-1 7.0e-1 3.93265e2 3.93265e2
7.6e-1 7.0e-1 4.10468e2 4.10468e2
7.8e-1 7.0e-1 4.28656e2 4.28656e2
8.0e-1 7.0e-1 4.4793e2 4.4793e2
8.2e-1 7.0e-1 4.68398e2 4.68398e2
8.4e-1 7.0e-1 4.90186e2 4.90186e2
8.6e-1 7.0e-1 5.13432e2 5.13432e2
8.8e-1 7.0e-1 5.38304e2 5.38304e2
9.0e-1 7.0e-1 5.64986e2 5.64986e2
9.2e-1 7.0e-1 5.93694e2 5.93694e2
9.4e-1 7.0e-1 6.24678e2 6.24678e2
9.6e-1 7.0e-1 6.5823e2 6.5823e2
9.8e-1 7.0e-1 6.947e2 6.947e2
1.0e0 7.0e-1 7.3451e2 7.3451e2

0.0e0 7.2e-1 0.0e0 0.0e0
2.0e-2 7.2e-1 3.20659e1 3.20659e1
4.0e-2 7.2e-1 4.602e1 4.602e1
6.0e-2 7.2e-1 5.7211e1 5.7211e1
8.0e-2 7.2e-1 6.7072e1 6.7072e1
1.0e-1 7.2e-1 7.6152e1 7.6152e1
1.2e-1 7.2e-1 8.4735e1 8.4735e1
1.4e-1 7.2e-1 9.299e1 9.299e1
1.6e-1 7.2e-1 1.01031e2 1.01031e2
1.8e-1 7.2e-1 1.08931e2 1.08931e2
2.0e-1 7.2e-1 1.16756e2 1.16756e2
2.2e-1 7.2e-1 1.2455e2 1.2455e2
2.4e-1 7.2e-1 1.32352e2 1.32352e2
2.6e-1 7.2e-1 1.40196e2 1.40196e2
2.8e-1 7.2e-1 1.48114e2 1.48114e2
3.0e-1 7.2e-1 1.56128e2 1.56128e2
3.2e-1 7.2e-1 1.64265e2 1.64265e2
3.4e-1 7.2e-1 1.7255e2 1.7255e2
3.6e-1 7.2e-1 1.81003e2 1.81003e2
3.8e-1 7.2e-1 1.89648e2 1.89648e2
4.0e-1 7.2e-1 1.9851e2 1.9851e2
4.2e-1 7.2e-1 2.07613e2 2.07613e2
4.4e-1 7.2e-1 2.16977e2 2.16977e2
4.6e-1 7.2e-1 2.2663e2 2.2663e2
4.8e-1 7.2e-1 2.36598e2 2.36598e2
5.0e-1 7.2e-1 2.46912e2 2.46912e2
5.2e-1 7.2e-1 2.57597e2 2.57597e2
5.4e-1 7.2e-1 2.68687e2 2.68687e2
5.6e-1 7.2e-1 2.8022e2 2.8022e2
5.8e-1 7.2e-1 2.92232e2 2.92232e2
6.0e-1 7.2e-1 3.04762e2 3.04762e2
6.2e-1 7.2e-1 3.17857e2 3.17857e2
6.4e-1 7.2e-1 3.3157e2 3.3157e2
6.6e-1 7.2e-1 3.4595e2 3.4595e2
6.8e-1 7.2e-1 3.6106e2 3.6106e2
7.0e-1 7.2e-1 3.76965e2 3.76965e2
7.2e-1 7.2e-1 3.93745e2 3.93745e2
7.4e-1 7.2e-1 4.11479e2 4.11479e2
7.6e-1 7.2e-1 4.30264e2 4.30264e2
7.8e-1 7.2e-1 4.50208e2 4.50208e2
8.0e-1 7.2e-1 4.71426e2 4.71426e2
8.2e-1 7.2e-1 4.94064e2 4.94064e2
8.4e-1 7.2e-1 5.18272e2 5.18272e2
8.6e-1 7.2e-1 5.44237e2 5.44237e2
8.8e-1 7.2e-1 5.72165e2 5.72165e2
9.0e-1 7.2e-1 6.02301e2 6.02301e2
9.2e-1 7.2e-1 6.3493e2 6.3493e2
9.4e-1 7.2e-1 6.704e2 6.704e2
9.6e-1 7.2e-1 7.0908e2 7.0908e2
9.8e-1 7.2e-1 7.5146e2 7.5146e2
1.0e0 7.2e-1 7.9814e2 7.9814e2

0.0e0 7.4e-1 0.0e0 0.0e0
2.0e-2 7.4e-1 3.25214e1 3.25214e1
4.0e-2 7.4e-1 4.6693e1 4.6693e1
6.0e-2 7.4e-1 5.8073e1 5.8073e1
8.0e-2 7.4e-1 6.8112e1 6.8112e1
1.0e-1 7.4e-1 7.737e1 7.737e1
1.2e-1 7.4e-1 8.613e1 8.613e1
1.4e-1 7.4e-1 9.4568e1 9.4568e1
1.6e-1 7.4e-1 1.02795e2 1.02795e2
1.8e-1 7.4e-1 1.10893e2 1.10893e2
2.0e-1 7.4e-1 1.18921e2 1.18921e2
2.2e-1 7.4e-1 1.2693e2 1.2693e2
2.4e-1 7.4e-1 1.34961e2 1.34961e2
2.6e-1 7.4e-1 1.43045e2 1.43045e2
2.8e-1 7.4e-1 1.51216e2 1.51216e2
3.0e-1 7.4e-1 1.59503e2 1.59503e2
3.2e-1 7.4e-1 1.67928e2 1.67928e2
3.4e-1 7.4e-1 1.76518e2 1.76518e2
3.6e-1 7.4e-1 1.853e2 1.853e2
3.8e-1 7.4e-1 1.94298e2 1.94298e2
4.0e-1 7.4e-1 2.03535e2 2.03535e2
4.2e-1 7.4e-1 2.13042e2 2.13042e2
4.4e-1 7.4e-1 2.2284e2 2.2284e2
4.6e-1 7.4e-1 2.3296e2 2.3296e2
4.8e-1 7.4e-1 2.43433e2 2.43433e2
5.0e-1 7.4e-1 2.5429e2 2.5429e2
5.2e-1 7.4e-1 2.65564e2 2.65564e2
5.4e-1 7.4e-1 2.77293e2 2.77293e2
5.6e-1 7.4e-1 2.8952e2 2.8952e2
5.8e-1 7.4e-1 3.02284e2 3.02284e2
6.0e-1 7.4e-1 3.15636e2 3.15636e2
6.2e-1 7.4e-1 3.29626e2 3.29626e2
6.4e-1 7.4e-1 3.44318e2 3.44318e2
6.6e-1 7.4e-1 3.5977e2 3.5977e2
6.8e-1 7.4e-1 3.7606e2 3.7606e2
7.0e-1 7.4e-1 3.93265e2 3.93265e2
7.2e-1 7.4e-1 4.11479e2 4.11479e2
7.4e-1 7.4e-1 4.30801e2 4.30801e2
7.6e-1 7.4e-1 4.5135e2 4.5135e2
7.8e-1 7.4e-1 4.73257e2 4.73257e2
8.0e-1 7.4e-1 4.9667e2 4.9667e2
8.2e-1 7.4e-1 5.2177e2 5.2177e2
8.4e-1 7.4e-1 5.4875e2 5.4875e2
8.6e-1 7.4e-1 5.77844e2 5.77844e2
8.8e-1 7.4e-1 6.09326e2 6.09326e2
9.0e-1 7.4e-1 6.43517e2 6.43517e2
9.2e-1 7.4e-1 6.808e2 6.808e2
9.4e-1 7.4e-1 7.2162e2 7.2162e2
9.6e-1 7.4e-1 7.6651e2 7.6651e2
9.8e-1 7.4e-1 8.1618e2 8.1618e2
1.0e0 7.4e-1 8.7138e2 8.7138e2

0.0e0 7.6e-1 0.0e0 0.0e0
2.0e-2 7.6e-1 3.29713e1 3.29713e1
4.0e-2 7.6e-1 4.7359e1 4.7359e1
6.0e-2 7.6e-1 5.8928e1 5.8928e1
8.0e-2 7.6e-1 6.9144e1 6.9144e1
1.0e-1 7.6e-1 7.8577e1 7.8577e1
1.2e-1 7.6e-1 8.7517e1 8.7517e1
1.4e-1 7.6e-1 9.6138e1 9.6138e1
1.6e-1 7.6e-1 1.04555e2 1.04555e2
1.8e-1 7.6e-1 1.1285e2 1.1285e2
2.0e-1 7.6e-1 1.21086e2 1.21086e2
2.2e-1 7.6e-1 1.29314e2 1.29314e2
2.4e-1 7.6e-1 1.37575e2 1.37575e2
2.6e-1 7.6e-1 1.45906e2 1.45906e2
2.8e-1 7.6e-1 1.54337e2 1.54337e2
3.0e-1 7.6e-1 1.629e2 1.629e2
3.2e-1 7.6e-1 1.7162e2 1.7162e2
3.4e-1 7.6e-1 1.80528e2 1.80528e2
3.6e-1 7.6e-1 1.89648e2 1.89648e2
3.8e-1 7.6e-1 1.9901e2 1.9901e2
4.0e-1 7.6e-1 2.0864e2 2.0864e2
4.2e-1 7.6e-1 2.18565e2 2.18565e2
4.4e-1 7.6e-1 2.28818e2 2.28818e2
4.6e-1 7.6e-1 2.39429e2 2.39429e2
4.8e-1 7.6e-1 2.5043e2 2.5043e2
5.0e-1 7.6e-1 2.6186e2 2.6186e2
5.2e-1 7.6e-1 2.73756e2 2.73756e2
5.4e-1 7.6e-1 2.86163e2 2.86163e2
5.6e-1 7.6e-1 2.99127e2 2.99127e2
5.8e-1 7.6e-1 3.12695e2 3.12695e2
6.0e-1 7.6e-1 3.26929e2 3.26929e2
6.2e-1 7.6e-1 3.41885e2 3.41885e2
6.4e-1 7.6e-1 3.57635e2 3.57635e2
6.6e-1 7.6e-1 3.74255e2 3.74255e2
6.8e-1 7.6e-1 3.91835e2 3.91835e2
7.0e-1 7.6e-1 4.10468e2 4.10468e2
7.2e-1 7.6e-1 4.30264e2 4.30264e2
7.4e-1 7.6e-1 4.5135e2 4.5135e2
7.6e-1 7.6e-1 4.7387e2 4.7387e2
7.8e-1 7.6e-1 4.97984e2 4.97984e2
8.0e-1 7.6e-1 5.23885e2 5.23885e2
8.2e-1 7.6e-1 5.51788e2 5.51788e2
8.4e-1 7.6e-1 5.81953e2 5.81953e2
8.6e-1 7.6e-1 6.14677e2 6.14677e2
8.8e-1 7.6e-1 6.5031e2 6.5031e2
9.0e-1 7.6e-1 6.893e2 6.893e2
9.2e-1 7.6e-1 7.3213e2 7.3213e2
9.4e-1 7.6e-1 7.7943e2 7.7943e2
9.6e-1 7.6e-1 8.3197e2 8.3197e2
9.8e-1 7.6e-1 8.9066e2 8.9066e2
1.0e0 7.6e-1 9.5668e2 9.5668e2

0.0e0 7.8e-1 0.0e0 0.0e0
2.0e-2 7.8e-1 3.3416e1 3.3416e1
4.0e-2 7.8e-1 4.8018e1 4.8018e1
6.0e-2 7.8e-1 5.9772e1 5.9772e1
8.0e-2 7.8e-1 7.0168e1 7.0168e1
1.0e-1 7.8e-1 7.9778e1 7.9778e1
1.2e-1 7.8e-1 8.8896e1 8.8896e1
1.4e-1 7.8e-1 9.7702e1 9.7702e1
1.6e-1 7.8e-1 1.0631e2 1.0631e2
1.8e-1 7.8e-1 1.14804e2 1.14804e2
2.0e-1 7.8e-1 1.2325e2 1.2325e2
2.2e-1 7.8e-1 1.317e2 1.317e2
2.4e-1 7.8e-1 1.40196e2 1.40196e2
2.6e-1 7.8e-1 1.48776e2 1.48776e2
2.8e-1 7.8e-1 1.57474e2 1.57474e2
3.0e-1 7.8e-1 1.66321e2 1.66321e2
3.2e-1 7.8e-1 1.75346e2 1.75346e2
3.4e-1 7.8e-1 1.8458e2 1.8458e2
3.6e-1 7.8e-1 1.94052e2 1.94052e2
3.8e-1 7.8e-1 2.0379e2 2.0379e2
4.0e-1 7.8e-1 2.13824e2 2.13824e2
4.2e-1 7.8e-1 2.24188e2 2.24188e2
4.4e-1 7.8e-1 2.34914e2 2.34914e2
4.6e-1 7.8e-1 2.46037e2 2.46037e2
4.8e-1 7.8e-1 2.57597e2 2.57597e2
5.0e-1 7.8e-1 2.6963e2 2.6963e2
5.2e-1 7.8e-1 2.82188e2 2.82188e2
5.4e-1 7.8e-1 2.95314e2 2.95314e2
5.6e-1 7.8e-1 3.09064e2 3.09064e2
5.8e-1 7.8e-1 3.23494e2 3.23494e2
6.0e-1 7.8e-1 3.38673e2 3.38673e2
6.2e-1 7.8e-1 3.5467e2 3.5467e2
6.4e-1 7.8e-1 3.71571e2 3.71571e2
6.6e-1 7.8e-1 3.89464e2 3.89464e2
6.8e-1 7.8e-1 4.08453e2 4.08453e2
7.0e-1 7.8e-1 4.28656e2 4.28656e2
7.2e-1 7.8e-1 4.50208e2 4.50208e2
7.4e-1 7.8e-1 4.73257e2 4.73257e2
7.6e-1 7.8e-1 4.97984e2 4.97984e2
7.8e-1 7.8e-1 5.24591e2 5.24591e2
8.0e-1 7.8e-1 5.53317e2 5.53317e2
8.2e-1 7.8e-1 5.84438e2 5.84438e2
8.4e-1 7.8e-1 6.18285e2 6.18285e2
8.6e-1 7.8e-1 6.5524e2 6.5524e2
8.8e-1 7.8e-1 6.958e2 6.958e2
9.0e-1 7.8e-1 7.405e2 7.405e2
9.2e-1 7.8e-1 7.9004e2 7.9004e2
9.4e-1 7.8e-1 8.4528e2 8.4528e2
9.6e-1 7.8e-1 9.0726e2 9.0726e2
9.8e-1 7.8e-1 9.7736e2 9.7736e2
1.0e0 7.8e-1 1.0573e3 1.0573e3

0.0e0 8.0e-1 0.0e0 0.0e0
2.0e-2 8.0e-1 3.38554e1 3.38554e1
4.0e-2 8.0e-1 4.867e1 4.867e1
6.0e-2 8.0e-1 6.0611e1 6.0611e1
8.0e-2 8.0e-1 7.1182e1 7.1182e1
1.0e-1 8.0e-1 8.097e1 8.097e1
1.2e-1 8.0e-1 9.0266e1 9.0266e1
1.4e-1 8.0e-1 9.9258e1 9.9258e1
1.6e-1 8.0e-1 1.08058e2 1.08058e2
1.8e-1 8.0e-1 1.16756e2 1.16756e2
2.0e-1 8.0e-1 1.25415e2 1.25415e2
2.2e-1 8.0e-1 1.34091e2 1.34091e2
2.4e-1 8.0e-1 1.42827e2 1.42827e2
2.6e-1 8.0e-1 1.51662e2 1.51662e2
2.8e-1 8.0e-1 1.60631e2 1.60631e2
3.0e-1 8.0e-1 1.69771e2 1.69771e2
3.2e-1 8.0e-1 1.79109e2 1.79109e2
3.4e-1 8.0e-1 1.88678e2 1.88678e2
3.6e-1 8.0e-1 1.9851e2 1.9851e2
3.8e-1 8.0e-1 2.0864e2 2.0864e2
4.0e-1 8.0e-1 2.19096e2 2.19096e2
4.2e-1 8.0e-1 2.29916e2 2.29916e2
4.4e-1 8.0e-1 2.41138e2 2.41138e2
4.6e-1 8.0e-1 2.52798e2 2.52798e2
4.8e-1 8.0e-1 2.64944e2 2.64944e2
5.0e-1 8.0e-1 2.77618e2 2.77618e2
5.2e-1 8.0e-1 2.90872e2 2.90872e2
5.4e-1 8.0e-1 3.04762e2 3.04762e2
5.6e-1 8.0e-1 3.19353e2 3.19353e2
5.8e-1 8.0e-1 3.34706e2 3.34706e2
6.0e-1 8.0e-1 3.50902e2 3.50902e2
6.2e-1 8.0e-1 3.68027e2 3.68027e2
6.4e-1 8.0e-1 3.86176e2 3.86176e2
6.6e-1 8.0e-1 4.05457e2 4.05457e2
6.8e-1 8.0e-1 4.25993e2 4.25993e2
7.0e-1 8.0e-1 4.4793e2 4.4793e2
7.2e-1 8.0e-1 4.71426e2 4.71426e2
7.4e-1 8.0e-1 4.9667e2 4.9667e2
7.6e-1 8.0e-1 5.23885e2 5.23885e2
7.8e-1 8.0e-1 5.53317e2 5.53317e2
8.0e-1 8.0e-1 5.8527e2 5.8527e2
8.2e-1 8.0e-1 6.201e2 6.201e2
8.4e-1 8.0e-1 6.5823e2 6.5823e2
8.6e-1 8.0e-1 7.0018e2 7.0018e2
8.8e-1 8.0e-1 7.4655e2 7.4655e2
9.0e-1 8.0e-1 7.9814e2 7.9814e2
9.2e-1 8.0e-1 8.5587e2 8.5587e2
9.4e-1 8.0e-1 9.2093e2 9.2093e2
9.6e-1 8.0e-1 9.9486e2 9.9486e2
9.8e-1 8.0e-1 1.07962e3 1.07962e3
1.0e0 8.0e-1 1.17784e3 1.17784e3

0.0e0 8.2e-1 0.0e0 0.0e0
2.0e-2 8.2e-1 3.4291e1 3.4291e1
4.0e-2 8.2e-1 4.9315e1 4.9315e1
6.0e-2 8.2e-1 6.1441e1 6.1441e1
8.0e-2 8.2e-1 7.2191e1 7.2191e1
1.0e-1 8.2e-1 8.2153e1 8.2153e1
1.2e-1 8.2e-1 9.1632e1 9.1632e1
1.4e-1 8.2e-1 1.00809e2 1.00809e2
1.6e-1 8.2e-1 1.09804e2 1.09804e2
1.8e-1 8.2e-1 1.18704e2 1.18704e2
2.0e-1 8.2e-1 1.2758e2 1.2758e2
2.2e-1 8.2e-1 1.36485e2 1.36485e2
2.4e-1 8.2e-1 1.45465e2 1.45465e2
2.6e-1 8.2e-1 1.54561e2 1.54561e2
2.8e-1 8.2e-1 1.63809e2 1.63809e2
3.0e-1 8.2e-1 1.73247e2 1.73247e2
3.2e-1 8.2e-1 1.82907e2 1.82907e2
3.4e-1 8.2e-1 1.92822e2 1.92822e2
3.6e-1 8.2e-1 2.0303e2 2.0303e2
3.8e-1 8.2e-1 2.13564e2 2.13564e2
4.0e-1 8.2e-1 2.24458e2 2.24458e2
4.2e-1 8.2e-1 2.35754e2 2.35754e2
4.4e-1 8.2e-1 2.47493e2 2.47493e2
4.6e-1 8.2e-1 2.5972e2 2.5972e2
4.8e-1 8.2e-1 2.72481e2 2.72481e2
5.0e-1 8.2e-1 2.8583e2 2.8583e2
5.2e-1 8.2e-1 2.99825e2 2.99825e2
5.4e-1 8.2e-1 3.1453e2 3.1453e2
5.6e-1 8.2e-1 3.30014e2 3.30014e2
5.8e-1 8.2e-1 3.4636e2 3.4636e2
6.0e-1 8.2e-1 3.63654e2 3.63654e2
6.2e-1 8.2e-1 3.81996e2 3.81996e2
6.4e-1 8.2e-1 4.01503e2 4.01503e2
6.6e-1 8.2e-1 4.22302e2 4.22302e2
6.8e-1 8.2e-1 4.44543e2 4.44543e2
7.0e-1 8.2e-1 4.68398e2 4.68398e2
7.2e-1 8.2e-1 4.94064e2 4.94064e2
7.4e-1 8.2e-1 5.2177e2 5.2177e2
7.6e-1 8.2e-1 5.51788e2 5.51788e2
7.8e-1 8.2e-1 5.84438e2 5.84438e2
8.0e-1 8.2e-1 6.201e2 6.201e2
8.2e-1 8.2e-1 6.5924e2 6.5924e2
8.4e-1 8.2e-1 7.024e2 7.024e2
8.6e-1 8.2e-1 7.5023e2 7.5023e2
8.8e-1 8.2e-1 8.0362e2 8.0362e2
9.0e-1 8.2e-1 8.6357e2 8.6357e2
9.2e-1 8.2e-1 9.3141e2 9.3141e2
9.4e-1 8.2e-1 1.00885e3 1.00885e3
9.6e-1 8.2e-1 1.0981e3 1.0981e3
9.8e-1 8.2e-1 1.20212e3 1.20212e3
1.0e0 8.2e-1 1.32497e3 1.32497e3

0.0e0 8.4e-1 0.0e0 0.0e0
2.0e-2 8.4e-1 3.472e1 3.472e1
4.0e-2 8.4e-1 4.9954e1 4.9954e1
6.0e-2 8.4e-1 6.2263e1 6.2263e1
8.0e-2 8.4e-1 7.3192e1 7.3192e1
1.0e-1 8.4e-1 8.3331e1 8.3331e1
1.2e-1 8.4e-1 9.299e1 9.299e1
1.4e-1 8.4e-1 1.02354e2 1.02354e2
1.6e-1 8.4e-1 1.11545e2 1.11545e2
1.8e-1 8.4e-1 1.20653e2 1.20653e2
2.0e-1 8.4e-1 1.29747e2 1.29747e2
2.2e-1 8.4e-1 1.38885e2 1.38885e2
2.4e-1 8.4e-1 1.48114e2 1.48114e2
2.6e-1 8.4e-1 1.57474e2 1.57474e2
2.8e-1 8.4e-1 1.67009e2 1.67009e2
3.0e-1 8.4e-1 1.76753e2 1.76753e2
3.2e-1 8.4e-1 1.86745e2 1.86745e2
3.4e-1 8.4e-1 1.97018e2 1.97018e2
3.6e-1 8.4e-1 2.07613e2 2.07613e2
3.8e-1 8.4e-1 2.18565e2 2.18565e2
4.0e-1 8.4e-1 2.29916e2 2.29916e2
4.2e-1 8.4e-1 2.41708e2 2.41708e2
4.4e-1 8.4e-1 2.5399e2 2.5399e2
4.6e-1 8.4e-1 2.6681e2 2.6681e2
4.8e-1 8.4e-1 2.8022e2 2.8022e2
5.0e-1 8.4e-1 2.94283e2 2.94283e2
5.2e-1 8.4e-1 3.09064e2 3.09064e2
5.4e-1 8.4e-1 3.24635e2 3.24635e2
5.6e-1 8.4e-1 3.4108e2 3.4108e2
5.8e-1 8.4e-1 3.58488e2 3.58488e2
6.0e-1 8.4e-1 3.76965e2 3.76965e2
6.2e-1 8.4e-1 3.96632e2 3.96632e2
6.4e-1 8.4e-1 4.1762e2 4.1762e2
6.6e-1 8.4e-1 4.40083e2 4.40083e2
6.8e-1 8.4e-1 4.64203e2 4.64203e2
7.0e-1 8.4e-1 4.90186e2 4.90186e2
7.2e-1 8.4e-1 5.18272e2 5.18272e2
7.4e-1 8.4e-1 5.4875e2 5.4875e2
7.6e-1 8.4e-1 5.81953e2 5.81953e2
7.8e-1 8.4e-1 6.18285e2 6.18285e2
8.0e-1 8.4e-1 6.5823e2 6.5823e2
8.2e-1 8.4e-1 7.024e2 7.024e2
8.4e-1 8.4e-1 7.5146e2 7.5146e2
8.6e-1 8.4e-1 8.0638e2 8.0638e2
8.8e-1 8.4e-1 8.6824e2 8.6824e2
9.0e-1 8.4e-1 9.385e2 9.385e2
9.2e-1 8.4e-1 1.01904e3 1.01904e3
9.4e-1 8.4e-1 1.11232e3 1.11232e3
9.6e-1 8.4e-1 1.22163e3 1.22163e3
9.8e-1 8.4e-1 1.35158e3 1.35158e3
1.0e0 8.4e-1 1.50865e3 1.50865e3

0.0e0 8.6e-1 0.0e0 0.0e0
2.0e-2 8.6e-1 3.5146e1 3.5146e1
4.0e-2 8.6e-1 5.0587e1 5.0587e1
6.0e-2 8.6e-1 6.3081e1 6.3081e1
8.0e-2 8.6e-1 7.4185e1 7.4185e1
1.0e-1 8.6e-1 8.4502e1 8.4502e1
1.2e-1 8.6e-1 9.4344e1 9.4344e1
1.4e-1 8.6e-1 1.03896e2 1.03896e2
1.6e-1 8.6e-1 1.13284e2 1.13284e2
1.8e-1 8.6e-1 1.22601e2 1.22601e2
2.0e-1 8.6e-1 1.31918e2 1.31918e2
2.2e-1 8.6e-1 1.41292e2 1.41292e2
2.4e-1 8.6e-1 1.50772e2 1.50772e2
2.6e-1 8.6e-1 1.60405e2 1.60405e2
2.8e-1 8.6e-1 1.70232e2 1.70232e2
3.0e-1 8.6e-1 1.80292e2 1.80292e2
3.2e-1 8.6e-1 1.90623e2 1.90623e2
3.4e-1 8.6e-1 2.01265e2 2.01265e2
3.6e-1 8.6e-1 2.1226e2 2.1226e2
3.8e-1 8.6e-1 2.23648e2 2.23648e2
4.0e-1 8.6e-1 2.35474e2 2.35474e2
4.2e-1 8.6e-1 2.47786e2 2.47786e2
4.4e-1 8.6e-1 2.60635e2 2.60635e2
4.6e-1 8.6e-1 2.74075e2 2.74075e2
4.8e-1 8.6e-1 2.88173e2 2.88173e2
5.0e-1 8.6e-1 3.0299e2 3.0299e2
5.2e-1 8.6e-1 3.18604e2 3.18604e2
5.4e-1 8.6e-1 3.351e2 3.351e2
5.6e-1 8.6e-1 3.52571e2 3.52571e2
5.8e-1 8.6e-1 3.71124e2 3.71124e2
6.0e-1 8.6e-1 3.90884e2 3.90884e2
6.2e-1 8.6e-1 4.11987e2 4.11987e2
6.4e-1 8.6e-1 4.34593e2 4.34593e2
6.6e-1 8.6e-1 4.58887e2 4.58887e2
6.8e-1 8.6e-1 4.85081e2 4.85081e2
7.0e-1 8.6e-1 5.13432e2 5.13432e2
7.2e-1 8.6e-1 5.44237e2 5.44237e2
7.4e-1 8.6e-1 5.77844e2 5.77844e2
7.6e-1 8.6e-1 6.14677e2 6.14677e2
7.8e-1 8.6e-1 6.5524e2 6.5524e2
8.0e-1 8.6e-1 7.0018e2 7.0018e2
8.2e-1 8.6e-1 7.5023e2 7.5023e2
8.4e-1 8.6e-1 8.0638e2 8.0638e2
8.6e-1 8.6e-1 8.6981e2 8.6981e2
8.8e-1 8.6e-1 9.421e2 9.421e2
9.0e-1 8.6e-1 1.02525e3 1.02525e3
9.2e-1 8.6e-1 1.12198e3 1.12198e3
9.4e-1 8.6e-1 1.23592e3 1.23592e3
9.6e-1 8.6e-1 1.37218e3 1.37218e3
9.8e-1 8.6e-1 1.53809e3 1.53809e3
1.0e0 8.6e-1 1.74457e3 1.74457e3

0.0e0 8.8e-1 0.0e0 0.0e0
2.0e-2 8.8e-1 3.5565e1 3.5565e1
4.0e-2 8.8e-1 5.1215e1 5.1215e1
6.0e-2 8.8e-1 6.389e1 6.389e1
8.0e-2 8.8e-1 7.5171e1 7.5171e1
1.0e-1 8.8e-1 8.5666e1 8.5666e1
1.2e-1 8.8e-1 9.5691e1 9.5691e1
1.4e-1 8.8e-1 1.05432e2 1.05432e2
1.6e-1 8.8e-1 1.1502e2 1.1502e2
1.8e-1 8.8e-1 1.2455e2 1.2455e2
2.0e-1 8.8e-1 1.34091e2 1.34091e2
2.2e-1 8.8e-1 1.43704e2 1.43704e2
2.4e-1 8.8e-1 1.53444e2 1.53444e2
2.6e-1 8.8e-1 1.63354e2 1.63354e2
2.8e-1 8.8e-1 1.7348e2 1.7348e2
3.0e-1 8.8e-1 1.83862e2 1.83862e2
3.2e-1 8.8e-1 1.94543e2 1.94543e2
3.4e-1 8.8e-1 2.05566e2 2.05566e2
3.6e-1 8.8e-1 2.16977e2 2.16977e2
3.8e-1 8.8e-1 2.28818e2 2.28818e2
4.0e-1 8.8e-1 2.41138e2 2.41138e2
4.2e-1 8.8e-1 2.5399e2 2.5399e2
4.4e-1 8.8e-1 2.67435e2 2.67435e2
4.6e-1 8.8e-1 2.8153e2 2.8153e2
4.8e-1 8.8e-1 2.96349e2 2.96349e2
5.0e-1 8.8e-1 3.11966e2 3.11966e2
5.2e-1 8.8e-1 3.28467e2 3.28467e2
5.4e-1 8.8e-1 3.4595e2 3.4595e2
5.6e-1 8.8e-1 3.64523e2 3.64523e2
5.8e-1 8.8e-1 3.84311e2 3.84311e2
6.0e-1 8.8e-1 4.05457e2 4.05457e2
6.2e-1 8.8e-1 4.28122e2 4.28122e2
6.4e-1 8.8e-1 4.52498e2 4.52498e2
6.6e-1 8.8e-1 4.78807e2 4.78807e2
6.8e-1 8.8e-1 5.07307e2 5.07307e2
7.0e-1 8.8e-1 5.38304e2 5.38304e2
7.2e-1 8.8e-1 5.72165e2 5.72165e2
7.4e-1 8.8e-1 6.09326e2 6.09326e2
7.6e-1 8.8e-1 6.5031e2 6.5031e2
7.8e-1 8.8e-1 6.958e2 6.958e2
8.0e-1 8.8e-1 7.4655e2 7.4655e2
8.2e-1 8.8e-1 8.0362e2 8.0362e2
8.4e-1 8.8e-1 8.6824e2 8.6824e2
8.6e-1 8.8e-1 9.421e2 9.421e2
8.8e-1 8.8e-1 1.02734e3 1.02734e3
9.0e-1 8.8e-1 1.12686e3 1.12686e3
9.2e-1 8.8e-1 1.24463e3 1.24463e3
9.4e-1 8.8e-1 1.38622e3 1.38622e3
9.6e-1 8.8e-1 1.55975e3 1.55975e3
9.8e-1 8.8e-1 1.77748e3 1.77748e3
1.0e0 8.8e-1 2.05887e3 2.05887e3

0.0e0 9.0e-1 0.0e0 0.0e0
2.0e-2 9.0e-1 3.5982e1 3.5982e1
4.0e-2 9.0e-1 5.1837e1 5.1837e1
6.0e-2 9.0e-1 6.4694e1 6.4694e1
8.0e-2 9.0e-1 7.6152e1 7.6152e1
1.0e-1 9.0e-1 8.6824e1 8.6824e1
1.2e-1 9.0e-1 9.7032e1 9.7032e1
1.4e-1 9.0e-1 1.06966e2 1.06966e2
1.6e-1 9.0e-1 1.16756e2 1.16756e2
1.8e-1 9.0e-1 1.26497e2 1.26497e2
2.0e-1 9.0e-1 1.36267e2 1.36267e2
2.2e-1 9.0e-1 1.46126e2 1.46126e2
2.4e-1 9.0e-1 1.56128e2 1.56128e2
2.6e-1 9.0e-1 1.66321e2 1.66321e2
2.8e-1 9.0e-1 1.76753e2 1.76753e2
3.0e-1 9.0e-1 1.87468e2 1.87468e2
3.2e-1 9.0e-1 1.9851e2 1.9851e2
3.4e-1 9.0e-1 2.09927e2 2.09927e2
3.6e-1 9.0e-1 2.21767e2 2.21767e2
3.8e-1 9.0e-1 2.34074e2 2.34074e2
4.0e-1 9.0e-1 2.46912e2 2.46912e2
4.2e-1 9.0e-1 2.6033e2 2.6033e2
4.4e-1 9.0e-1 2.74396e2 2.74396e2
4.6e-1 9.0e-1 2.89182e2 2.89182e2
4.8e-1 9.0e-1 3.04762e2 3.04762e2
5.0e-1 9.0e-1 3.21227e2 3.21227e2
5.2e-1 9.0e-1 3.38673e2 3.38673e2
5.4e-1 9.0e-1 3.5721e2 3.5721e2
5.6e-1 9.0e-1 3.76965e2 3.76965e2
5.8e-1 9.0e-1 3.98085e2 3.98085e2
6.0e-1 9.0e-1 4.20734e2 4.20734e2
6.2e-1 9.0e-1 4.45107e2 4.45107e2
6.4e-1 9.0e-1 4.71426e2 4.71426e2
6.6e-1 9.0e-1 4.9996e2 4.9996e2
6.8e-1 9.0e-1 5.31023e2 5.31023e2
7.0e-1 9.0e-1 5.64986e2 5.64986e2
7.2e-1 9.0e-1 6.02301e2 6.02301e2
7.4e-1 9.0e-1 6.43517e2 6.43517e2
7.6e-1 9.0e-1 6.893e2 6.893e2
7.8e-1 9.0e-1 7.405e2 7.405e2
8.0e-1 9.0e-1 7.9814e2 7.9814e2
8.2e-1 9.0e-1 8.6357e2 8.6357e2
8.4e-1 9.0e-1 9.385e2 9.385e2
8.6e-1 9.0e-1 1.02525e3 1.02525e3
8.8e-1 9.0e-1 1.12686e3 1.12686e3
9.0e-1 9.0e-1 1.24756e3 1.24756e3
9.2e-1 9.0e-1 1.39334e3 1.39334e3
9.4e-1 9.0e-1 1.57301e3 1.57301e3
9.6e-1 9.0e-1 1.80006e3 1.80006e3
9.8e-1 9.0e-1 2.09615e3 2.09615e3
1.0e0 9.0e-1 2.49857e3 2.49857e3

0.0e0 9.2e-1 0.0e0 0.0e0
2.0e-2 9.2e-1 3.6394e1 3.6394e1
4.0e-2 9.2e-1 5.2454e1 5.2454e1
6.0e-2 9.2e-1 6.5492e1 6.5492e1
8.0e-2 9.2e-1 7.7127e1 7.7127e1
1.0e-1 9.2e-1 8.7978e1 8.7978e1
1.2e-1 9.2e-1 9.8369e1 9.8369e1
1.4e-1 9.2e-1 1.08495e2 1.08495e2
1.6e-1 9.2e-1 1.18488e2 1.18488e2
1.8e-1 9.2e-1 1.28447e2 1.28447e2
2.0e-1 9.2e-1 1.38449e2 1.38449e2
2.2e-1 9.2e-1 1.48555e2 1.48555e2
2.4e-1 9.2e-1 1.58826e2 1.58826e2
2.6e-1 9.2e-1 1.69308e2 1.69308e2
2.8e-1 9.2e-1 1.80054e2 1.80054e2
3.0e-1 9.2e-1 1.9111e2 1.9111e2
3.2e-1 9.2e-1 2.02525e2 2.02525e2
3.4e-1 9.2e-1 2.14346e2 2.14346e2
3.6e-1 9.2e-1 2.2663e2 2.2663e2
3.8e-1 9.2e-1 2.39429e2 2.39429e2
4.0e-1 9.2e-1 2.52798e2 2.52798e2
4.2e-1 9.2e-1 2.6681e2 2.6681e2
4.4e-1 9.2e-1 2.8153e2 2.8153e2
4.6e-1 9.2e-1 2.97041e2 2.97041e2
4.8e-1 9.2e-1 3.13428e2 3.13428e2
5.0e-1 9.2e-1 3.3079e2 3.3079e2
5.2e-1 9.2e-1 3.49242e2 3.49242e2
5.4e-1 9.2e-1 3.68909e2 3.68909e2
5.6e-1 9.2e-1 3.89935e2 3.89935e2
5.8e-1 9.2e-1 4.12494e2 4.12494e2
6.0e-1 9.2e-1 4.36777e2 4.36777e2
6.2e-1 9.2e-1 4.63016e2 4.63016e2
6.4e-1 9.2e-1 4.91473e2 4.91473e2
6.6e-1 9.2e-1 5.22473e2 5.22473e2
6.8e-1 9.2e-1 5.56392e2 5.56392e2
7.0e-1 9.2e-1 5.93694e2 5.93694e2
7.2e-1 9.2e-1 6.3493e2 6.3493e2
7.4e-1 9.2e-1 6.808e2 6.808e2
7.6e-1 9.2e-1 7.3213e2 7.3213e2
7.8e-1 9.2e-1 7.9004e2 7.9004e2
8.0e-1 9.2e-1 8.5587e2 8.5587e2
8.2e-1 9.2e-1 9.3141e2 9.3141e2
8.4e-1 9.2e-1 1.01904e3 1.01904e3
8.6e-1 9.2e-1 1.12198e3 1.12198e3
8.8e-1 9.2e-1 1.24463e3 1.24463e3
9.0e-1 9.2e-1 1.39334e3 1.39334e3
9.2e-1 9.2e-1 1.57748e3 1.57748e3
9.4e-1 9.2e-1 1.81155e3 1.81155e3
9.6e-1 9.2e-1 2.11913e3 2.11913e3
9.8e-1 9.2e-1 2.54144e3 2.54144e3
1.0e0 9.2e-1 3.15771e3 3.15771e3

0.0e0 9.4e-1 0.0e0 0.0e0
2.0e-2 9.4e-1 3.6803e1 3.6803e1
4.0e-2 9.4e-1 5.3064e1 5.3064e1
6.0e-2 9.4e-1 6.6286e1 6.6286e1
8.0e-2 9.4e-1 7.8094e1 7.8094e1
1.0e-1 9.4e-1 8.9125e1 8.9125e1
1.2e-1 9.4e-1 9.9701e1 9.9701e1
1.4e-1 9.4e-1 1.10022e2 1.10022e2
1.6e-1 9.4e-1 1.20221e2 1.20221e2
1.8e-1 9.4e-1 1.30399e2 1.30399e2
2.0e-1 9.4e-1 1.40634e2 1.40634e2
2.2e-1 9.4e-1 1.50995e2 1.50995e2
2.4e-1 9.4e-1 1.61537e2 1.61537e2
2.6e-1 9.4e-1 1.72316e2 1.72316e2
2.8e-1 9.4e-1 1.83385e2 1.83385e2
3.0e-1 9.4e-1 1.9479e2 1.9479e2
3.2e-1 9.4e-1 2.06589e2 2.06589e2
3.4e-1 9.4e-1 2.1883e2 2.1883e2
3.6e-1 9.4e-1 2.31573e2 2.31573e2
3.8e-1 9.4e-1 2.44878e2 2.44878e2
4.0e-1 9.4e-1 2.58807e2 2.58807e2
4.2e-1 9.4e-1 2.73438e2 2.73438e2
4.4e-1 9.4e-1 2.88846e2 2.88846e2
4.6e-1 9.4e-1 3.0512e2 3.0512e2
4.8e-1 9.4e-1 3.22359e2 3.22359e2
5.0e-1 9.4e-1 3.40677e2 3.40677e2
5.2e-1 9.4e-1 3.602e2 3.602e2
5.4e-1 9.4e-1 3.81075e2 3.81075e2
5.6e-1 9.4e-1 4.03474e2 4.03474e2
5.8e-1 9.4e-1 4.27588e2 4.27588e2
6.0e-1 9.4e-1 4.5365e2 4.5365e2
6.2e-1 9.4e-1 4.8193e2 4.8193e2
6.4e-1 9.4e-1 5.12747e2 5.12747e2
6.6e-1 9.4e-1 5.46484e2 5.46484e2
6.8e-1 9.4e-1 5.83607e2 5.83607e2
7.0e-1 9.4e-1 6.24678e2 6.24678e2
7.2e-1 9.4e-1 6.704e2 6.704e2
7.4e-1 9.4e-1 7.2162e2 7.2162e2
7.6e-1 9.4e-1 7.7943e2 7.7943e2
7.8e-1 9.4e-1 8.4528e2 8.4528e2
8.0e-1 9.4e-1 9.2093e2 9.2093e2
8.2e-1 9.4e-1 1.00885e3 1.00885e3
8.4e-1 9.4e-1 1.11232e3 1.11232e3
8.6e-1 9.4e-1 1.23592e3 1.23592e3
8.8e-1 9.4e-1 1.38622e3 1.38622e3
9.0e-1 9.4e-1 1.57301e3 1.57301e3
9.2e-1 9.4e-1 1.81155e3 1.81155e3
9.4e-1 9.4e-1 2.12689e3 2.12689e3
9.6e-1 9.4e-1 2.56342e3 2.56342e3
9.8e-1 9.4e-1 3.20789e3 3.20789e3
1.0e0 9.4e-1 4.2558e3 4.2558e3

0.0e0 9.6e-1 0.0e0 0.0e0
2.0e-2 9.6e-1 3.7207e1 3.7207e1
4.0e-2 9.6e-1 5.367e1 5.367e1
6.0e-2 9.6e-1 6.7072e1 6.7072e1
8.0e-2 9.6e-1 7.9059e1 7.9059e1
1.0e-1 9.6e-1 9.0266e1 9.0266e1
1.2e-1 9.6e-1 1.01031e2 1.01031e2
1.4e-1 9.6e-1 1.11545e2 1.11545e2
1.6e-1 9.6e-1 1.21953e2 1.21953e2
1.8e-1 9.6e-1 1.32352e2 1.32352e2
2.0e-1 9.6e-1 1.42827e2 1.42827e2
2.2e-1 9.6e-1 1.53444e2 1.53444e2
2.4e-1 9.6e-1 1.64265e2 1.64265e2
2.6e-1 9.6e-1 1.75346e2 1.75346e2
2.8e-1 9.6e-1 1.86745e2 1.86745e2
3.0e-1 9.6e-1 1.9851e2 1.9851e2
3.2e-1 9.6e-1 2.10703e2 2.10703e2
3.4e-1 9.6e-1 2.2338e2 2.2338e2
3.6e-1 9.6e-1 2.36598e2 2.36598e2
3.8e-1 9.6e-1 2.5043e2 2.5043e2
4.0e-1 9.6e-1 2.64944e2 2.64944e2
4.2e-1 9.6e-1 2.8022e2 2.8022e2
4.4e-1 9.6e-1 2.96349e2 2.96349e2
4.6e-1 9.6e-1 3.13428e2 3.13428e2
4.8e-1 9.6e-1 3.3157e2 3.3157e2
5.0e-1 9.6e-1 3.50902e2 3.50902e2
5.2e-1 9.6e-1 3.71571e2 3.71571e2
5.4e-1 9.6e-1 3.93745e2 3.93745e2
5.6e-1 9.6e-1 4.1762e2 4.1762e2
5.8e-1 9.6e-1 4.43423e2 4.43423e2
6.0e-1 9.6e-1 4.71426e2 4.71426e2
6.2e-1 9.6e-1 5.0195e2 5.0195e2
6.4e-1 9.6e-1 5.35373e2 5.35373e2
6.6e-1 9.6e-1 5.72165e2 5.72165e2
6.8e-1 9.6e-1 6.12886e2 6.12886e2
7.0e-1 9.6e-1 6.5823e2 6.5823e2
7.2e-1 9.6e-1 7.0908e2 7.0908e2
7.4e-1 9.6e-1 7.6651e2 7.6651e2
7.6e-1 9.6e-1 8.3197e2 8.3197e2
7.8e-1 9.6e-1 9.0726e2 9.0726e2
8.0e-1 9.6e-1 9.9486e2 9.9486e2
8.2e-1 9.6e-1 1.0981e3 1.0981e3
8.4e-1 9.6e-1 1.22163e3 1.22163e3
8.6e-1 9.6e-1 1.37218e3 1.37218e3
8.8e-1 9.6e-1 1.55975e3 1.55975e3
9.0e-1 9.6e-1 1.80006e3 1.80006e3
9.2e-1 9.6e-1 2.11913e3 2.11913e3
9.4e-1 9.6e-1 2.56342e3 2.56342e3
9.6e-1 9.6e-1 3.22496e3 3.22496e3
9.8e-1 9.6e-1 4.31514e3 4.31514e3
1.0e0 9.6e-1 6.45126e3 6.45126e3

0.0e0 9.8e-1 0.0e0 0.0e0
2.0e-2 9.8e-1 3.7608e1 3.7608e1
4.0e-2 9.8e-1 5.4271e1 5.4271e1
6.0e-2 9.8e-1 6.7853e1 6.7853e1
8.0e-2 9.8e-1 8.0016e1 8.0016e1
1.0e-1 9.8e-1 9.1405e1 9.1405e1
1.2e-1 9.8e-1 1.02354e2 1.02354e2
1.4e-1 9.8e-1 1.13068e2 1.13068e2
1.6e-1 9.8e-1 1.23683e2 1.23683e2
1.8e-1 9.8e-1 1.34308e2 1.34308e2
2.0e-1 9.8e-1 1.45024e2 1.45024e2
2.2e-1 9.8e-1 1.55904e2 1.55904e2
2.4e-1 9.8e-1 1.67009e2 1.67009e2
2.6e-1 9.8e-1 1.784e2 1.784e2
2.8e-1 9.8e-1 1.90135e2 1.90135e2
3.0e-1 9.8e-1 2.02274e2 2.02274e2
3.2e-1 9.8e-1 2.14871e2 2.14871e2
3.4e-1 9.8e-1 2.27995e2 2.27995e2
3.6e-1 9.8e-1 2.41708e2 2.41708e2
3.8e-1 9.8e-1 2.56088e2 2.56088e2
4.0e-1 9.8e-1 2.71211e2 2.71211e2
4.2e-1 9.8e-1 2.87166e2 2.87166e2
4.4e-1 9.8e-1 3.04053e2 3.04053e2
4.6e-1 9.8e-1 3.2198e2 3.2198e2
4.8e-1 9.8e-1 3.4108e2 3.4108e2
5.0e-1 9.8e-1 3.6149e2 3.6149e2
5.2e-1 9.8e-1 3.83383e2 3.83383e2
5.4e-1 9.8e-1 4.06952e2 4.06952e2
5.6e-1 9.8e-1 4.3242e2 4.3242e2
5.8e-1 9.8e-1 4.6006e2 4.6006e2
6.0e-1 9.8e-1 4.90186e2 4.90186e2
6.2e-1 9.8e-1 5.23177e2 5.23177e2
6.4e-1 9.8e-1 5.59496e2 5.59496e2
6.6e-1 9.8e-1 5.99701e2 5.99701e2
6.8e-1 9.8e-1 6.44481e2 6.44481e2
7.0e-1 9.8e-1 6.947e2 6.947e2
7.2e-1 9.8e-1 7.5146e2 7.5146e2
7.4e-1 9.8e-1 8.1618e2 8.1618e2
7.6e-1 9.8e-1 8.9066e2 8.9066e2
7.8e-1 9.8e-1 9.7736e2 9.7736e2
8.0e-1 9.8e-1 1.07962e3 1.07962e3
8.2e-1 9.8e-1 1.20212e3 1.20212e3
8.4e-1 9.8e-1 1.35158e3 1.35158e3
8.6e-1 9.8e-1 1.53809e3 1.53809e3
8.8e-1 9.8e-1 1.77748e3 1.77748e3
9.0e-1 9.8e-1 2.09615e3 2.09615e3
9.2e-1 9.8e-1 2.54144e3 2.54144e3
9.4e-1 9.8e-1 3.20789e3 3.20789e3
9.6e-1 9.8e-1 4.31514e3 4.31514e3
9.8e-1 9.8e-1 6.51778e3 6.51778e3
1.0e0 9.8e-1 1.30362e4 1.30362e4

0.0e0 1.0e0 0.0e0 0.0e0
2.0e-2 1.0e0 3.8007e1 3.8007e1
4.0e-2 1.0e0 5.4868e1 5.4868e1
6.0e-2 1.0e0 6.863e1 6.863e1
8.0e-2 1.0e0 8.097e1 8.097e1
1.0e-1 1.0e0 9.2538e1 9.2538e1
1.2e-1 1.0e0 1.03676e2 1.03676e2
1.4e-1 1.0e0 1.14586e2 1.14586e2
1.6e-1 1.0e0 1.25415e2 1.25415e2
1.8e-1 1.0e0 1.36267e2 1.36267e2
2.0e-1 1.0e0 1.47229e2 1.47229e2
2.2e-1 1.0e0 1.58376e2 1.58376e2
2.4e-1 1.0e0 1.69771e2 1.69771e2
2.6e-1 1.0e0 1.81477e2 1.81477e2
2.8e-1 1.0e0 1.9356e2 1.9356e2
3.0e-1 1.0e0 2.06078e2 2.06078e2
3.2e-1 1.0e0 2.19096e2 2.19096e2
3.4e-1 1.0e0 2.32681e2 2.32681e2
3.6e-1 1.0e0 2.46912e2 2.46912e2
3.8e-1 1.0e0 2.6186e2 2.6186e2
4.0e-1 1.0e0 2.77618e2 2.77618e2
4.2e-1 1.0e0 2.94283e2 2.94283e2
4.4e-1 1.0e0 3.11966e2 3.11966e2
4.6e-1 1.0e0 3.3079e2 3.3079e2
4.8e-1 1.0e0 3.50902e2 3.50902e2
5.0e-1 1.0e0 3.72464e2 3.72464e2
5.2e-1 1.0e0 3.95667e2 3.95667e2
5.4e-1 1.0e0 4.20734e2 4.20734e2
5.6e-1 1.0e0 4.4793e2 4.4793e2
5.8e-1 1.0e0 4.77567e2 4.77567e2
6.0e-1 1.0e0 5.10017e2 5.10017e2
6.2e-1 1.0e0 5.45734e2 5.45734e2
6.4e-1 1.0e0 5.8527e2 5.8527e2
6.6e-1 1.0e0 6.29306e2 6.29306e2
6.8e-1 1.0e0 6.787e2 6.787e2
7.0e-1 1.0e0 7.3451e2 7.3451e2
7.2e-1 1.0e0 7.9814e2 7.9814e2
7.4e-1 1.0e0 8.7138e2 8.7138e2
7.6e-1 1.0e0 9.5668e2 9.5668e2
7.8e-1 1.0e0 1.0573e3 1.0573e3
8.0e-1 1.0e0 1.17784e3 1.17784e3
8.2e-1 1.0e0 1.32497e3 1.32497e3
8.4e-1 1.0e0 1.50865e3 1.50865e3
8.6e-1 1.0e0 1.74457e3 1.74457e3
8.8e-1 1.0e0 2.05887e3 2.05887e3
9.0e-1 1.0e0 2.49857e3 2.49857e3
9.2e-1 1.0e0 3.15771e3 3.15771e3
9.4e-1 1.0e0 4.2558e3 4.2558e3
9.6e-1 1.0e0 6.45126e3 6.45126e3
9.8e-1 1.0e0 1.30362e4 1.30362e4
1.0e0 1.0e0 inf inf
