-2.0e0 0.0e0 0.0e0 0.0e0
-1.96e0 0.0e0 0.0e0 0.0e0
-1.92e0 0.0e0 0.0e0 0.0e0
-1.88e0 0.0e0 0.0e0 0.0e0
-1.84e0 0.0e0 0.0e0 0.0e0
-1.8e0 0.0e0 0.0e0 0.0e0
-1.76e0 0.0e0 0.0e0 0.0e0
-1.72e0 0.0e0 0.0e0 0.0e0
-1.68e0 0.0e0 0.0e0 0.0e0
-1.64e0 0.0e0 0.0e0 0.0e0
-1.6e0 0.0e0 0.0e0 0.0e0
-1.56e0 0.0e0 0.0e0 0.0e0
-1.52e0 0.0e0 0.0e0 0.0e0
-1.48e0 0.0e0 0.0e0 0.0e0
-1.44e0 0.0e0 0.0e0 0.0e0
-1.4e0 0.0e0 0.0e0 0.0e0
-1.36e0 0.0e0 0.0e0 0.0e0
-1.32e0 0.0e0 0.0e0 0.0e0
-1.28e0 0.0e0 0.0e0 0.0e0
-1.24e0 0.0e0 0.0e0 0.0e0
-1.2e0 0.0e0 0.0e0 0.0e0
-1.16e0 0.0e0 0.0e0 0.0e0
-1.12e0 0.0e0 0.0e0 0.0e0
-1.08e0 0.0e0 0.0e0 0.0e0
-1.04e0 0.0e0 0.0e0 0.0e0
-1.0e0 0.0e0 0.0e0 0.0e0
-9.6e-1 0.0e0 0.0e0 0.0e0
-9.2e-1 0.0e0 0.0e0 0.0e0
-8.8e-1 0.0e0 0.0e0 0.0e0
-8.4e-1 0.0e0 0.0e0 0.0e0
-8.0e-1 0.0e0 0.0e0 0.0e0
-7.6e-1 0.0e0 0.0e0 0.0e0
-7.2e-1 0.0e0 0.0e0 0.0e0
-6.8e-1 0.0e0 0.0e0 0.0e0
-6.4e-1 0.0e0 0.0e0 0.0e0
-6.0e-1 0.0e0 0.0e0 0.0e0
-5.6e-1 0.0e0 0.0e0 0.0e0
-5.2e-1 0.0e0 0.0e0 0.0e0
-4.8e-1 0.0e0 0.0e0 0.0e0
-4.4e-1 0.0e0 0.0e0 0.0e0
-4.0e-1 0.0e0 0.0e0 0.0e0
-3.6e-1 0.0e0 0.0e0 0.0e0
-3.2e-1 0.0e0 0.0e0 0.0e0
-2.8e-1 0.0e0 0.0e0 0.0e0
-2.4e-1 0.0e0 0.0e0 0.0e0
-2.0e-1 0.0e0 0.0e0 0.0e0
-1.6e-1 0.0e0 0.0e0 0.0e0
-1.2e-1 0.0e0 0.0e0 0.0e0
-8.0e-2 0.0e0 0.0e0 0.0e0
-4.0e-2 0.0e0 0.0e0 0.0e0
0.0e0 0.0e0 0.0e0 0.0e0

-2.0e0 2.0e-2 2.0816e-6 2.0816e-6
-1.96e0 2.0e-2 2.5024e-6 2.5024e-6
-1.92e0 2.0e-2 3.0083e-6 3.0083e-6
-1.88e0 2.0e-2 3.6166e-6 3.6166e-6
-1.84e0 2.0e-2 4.3481e-6 4.3481e-6
-1.8e0 2.0e-2 5.2272e-6 5.2272e-6
-1.76e0 2.0e-2 6.2842e-6 6.2842e-6
-1.72e0 2.0e-2 7.5545e-6 7.5545e-6
-1.68e0 2.0e-2 9.082e-6 9.082e-6
-1.64e0 2.0e-2 1.0918e-5 1.0918e-5
-1.6e0 2.0e-2 1.3126e-5 1.3126e-5
-1.56e0 2.0e-2 1.5779e-5 1.5779e-5
-1.52e0 2.0e-2 1.8968e-5 1.8968e-5
-1.48e0 2.0e-2 2.2801e-5 2.2801e-5
-1.44e0 2.0e-2 2.741e-5 2.741e-5
-1.4e0 2.0e-2 3.2948e-5 3.2948e-5
-1.36e0 2.0e-2 3.9607e-5 3.9607e-5
-1.32e0 2.0e-2 4.7612e-5 4.7612e-5
-1.28e0 2.0e-2 5.7231e-5 5.7231e-5
-1.24e0 2.0e-2 6.8793e-5 6.8793e-5
-1.2e0 2.0e-2 8.2689e-5 8.2689e-5
-1.16e0 2.0e-2 9.9388e-5 9.9388e-5
-1.12e0 2.0e-2 1.1946e-4 1.1946e-4
-1.08e0 2.0e-2 1.4359e-4 1.4359e-4
-1.04e0 2.0e-2 1.7256e-4 1.7256e-4
-1.0e0 2.0e-2 2.074e-4 2.074e-4
-9.6e-1 2.0e-2 2.4913e-4 2.4913e-4
-9.2e-1 2.0e-2 2.995e-4 2.995e-4
-8.8e-1 2.0e-2 3.5992e-4 3.5992e-4
-8.4e-1 2.0e-2 4.3245e-4 4.3245e-4
-8.0e-1 2.0e-2 5.1933e-4 5.1933e-4
-7.6e-1 2.0e-2 6.2418e-4 6.2418e-4
-7.2e-1 2.0e-2 7.502e-4 7.502e-4
-6.8e-1 2.0e-2 9.0141e-4 9.0141e-4
-6.4e-1 2.0e-2 1.0825e-3 1.0825e-3
-6.0e-1 2.0e-2 1.3013e-3 1.3013e-3
-5.6e-1 2.0e-2 1.5627e-3 1.5627e-3
-5.2e-1 2.0e-2 1.8768e-3 1.8768e-3
-4.8e-1 2.0e-2 2.2534e-3 2.2534e-3
-4.4e-1 2.0e-2 2.7051e-3 2.7051e-3
-4.0e-1 2.0e-2 3.249e-3 3.249e-3
-3.6e-1 2.0e-2 3.8998e-3 3.8998e-3
-3.2e-1 2.0e-2 4.6803e-3 4.6803e-3
-2.8e-1 2.0e-2 5.617e-3 5.617e-3
-2.4e-1 2.0e-2 6.7386e-3 6.7386e-3
-2.0e-1 2.0e-2 8.083e-3 8.083e-3
-1.6e-1 2.0e-2 9.6953e-3 9.6953e-3
-1.2e-1 2.0e-2 1.1627e-2 1.1627e-2
-8.0e-2 2.0e-2 1.3934e-2 1.3934e-2
-4.0e-2 2.0e-2 1.67e-2 1.67e-2
0.0e0 2.0e-2 2.0e-2 2.0e-2

-2.0e0 4.0e-2 4.3367e-6 4.3367e-6
-1.96e0 4.0e-2 5.213e-6 5.213e-6
-1.92e0 4.0e-2 6.2668e-6 6.2668e-6
-1.88e0 4.0e-2 7.5337e-6 7.5337e-6
-1.84e0 4.0e-2 9.0567e-6 9.0567e-6
-1.8e0 4.0e-2 1.0887e-5 1.0887e-5
-1.76e0 4.0e-2 1.3087e-5 1.3087e-5
-1.72e0 4.0e-2 1.5732e-5 1.5732e-5
-1.68e0 4.0e-2 1.8912e-5 1.8912e-5
-1.64e0 4.0e-2 2.2734e-5 2.2734e-5
-1.6e0 4.0e-2 2.7327e-5 2.7327e-5
-1.56e0 4.0e-2 3.2848e-5 3.2848e-5
-1.52e0 4.0e-2 3.9482e-5 3.9482e-5
-1.48e0 4.0e-2 4.7456e-5 4.7456e-5
-1.44e0 4.0e-2 5.7039e-5 5.7039e-5
-1.4e0 4.0e-2 6.8556e-5 6.8556e-5
-1.36e0 4.0e-2 8.2397e-5 8.2397e-5
-1.32e0 4.0e-2 9.9031e-5 9.9031e-5
-1.28e0 4.0e-2 1.1902e-4 1.1902e-4
-1.24e0 4.0e-2 1.4302e-4 1.4302e-4
-1.2e0 4.0e-2 1.7188e-4 1.7188e-4
-1.16e0 4.0e-2 2.0654e-4 2.0654e-4
-1.12e0 4.0e-2 2.4817e-4 2.4817e-4
-1.08e0 4.0e-2 2.9819e-4 2.9819e-4
-1.04e0 4.0e-2 3.5826e-4 3.5826e-4
-1.0e0 4.0e-2 4.3044e-4 4.3044e-4
-9.6e-1 4.0e-2 5.1682e-4 5.1682e-4
-9.2e-1 4.0e-2 6.2106e-4 6.2106e-4
-8.8e-1 4.0e-2 7.4597e-4 7.4597e-4
-8.4e-1 4.0e-2 8.9581e-4 8.9581e-4
-8.0e-1 4.0e-2 1.0751e-3 1.0751e-3
-7.6e-1 4.0e-2 1.2914e-3 1.2914e-3
-7.2e-1 4.0e-2 1.551e-3 1.551e-3
-6.8e-1 4.0e-2 1.8622e-3 1.8622e-3
-6.4e-1 4.0e-2 2.2342e-3 2.2342e-3
-6.0e-1 4.0e-2 2.6834e-3 2.6834e-3
-5.6e-1 4.0e-2 3.2193e-3 3.2193e-3
-5.2e-1 4.0e-2 3.8623e-3 3.8623e-3
-4.8e-1 4.0e-2 4.6317e-3 4.6317e-3
-4.4e-1 4.0e-2 5.5524e-3 5.5524e-3
-4.0e-1 4.0e-2 6.6592e-3 6.6592e-3
-3.6e-1 4.0e-2 7.9803e-3 7.9803e-3
-3.2e-1 4.0e-2 9.5612e-3 9.5612e-3
-2.8e-1 4.0e-2 1.1453e-2 1.1453e-2
-2.4e-1 4.0e-2 1.3712e-2 1.3712e-2
-2.0e-1 4.0e-2 1.641e-2 1.641e-2
-1.6e-1 4.0e-2 1.9633e-2 1.9633e-2
-1.2e-1 4.0e-2 2.348e-2 2.348e-2
-8.0e-2 4.0e-2 2.8058e-2 2.8058e-2
-4.0e-2 4.0e-2 3.352e-2 3.352e-2
0.0e0 4.0e-2 4.0e-2 4.0e-2

-2.0e0 6.0e-2 6.7818e-6 6.7818e-6
-1.96e0 6.0e-2 8.1519e-6 8.1519e-6
-1.92e0 6.0e-2 9.7992e-6 9.7992e-6
-1.88e0 6.0e-2 1.178e-5 1.178e-5
-1.84e0 6.0e-2 1.416e-5 1.416e-5
-1.8e0 6.0e-2 1.7021e-5 1.7021e-5
-1.76e0 6.0e-2 2.046e-5 2.046e-5
-1.72e0 6.0e-2 2.4593e-5 2.4593e-5
-1.68e0 6.0e-2 2.9561e-5 2.9561e-5
-1.64e0 6.0e-2 3.553e-5 3.553e-5
-1.6e0 6.0e-2 4.2705e-5 4.2705e-5
-1.56e0 6.0e-2 5.1328e-5 5.1328e-5
-1.52e0 6.0e-2 6.1688e-5 6.1688e-5
-1.48e0 6.0e-2 7.4136e-5 7.4136e-5
-1.44e0 6.0e-2 8.9096e-5 8.9096e-5
-1.4e0 6.0e-2 1.07068e-4 1.07068e-4
-1.36e0 6.0e-2 1.2866e-4 1.2866e-4
-1.32e0 6.0e-2 1.546e-4 1.546e-4
-1.28e0 6.0e-2 1.8578e-4 1.8578e-4
-1.24e0 6.0e-2 2.232e-4 2.232e-4
-1.2e0 6.0e-2 2.6816e-4 2.6816e-4
-1.16e0 6.0e-2 3.2214e-4 3.2214e-4
-1.12e0 6.0e-2 3.8698e-4 3.8698e-4
-1.08e0 6.0e-2 4.6481e-4 4.6481e-4
-1.04e0 6.0e-2 5.5826e-4 5.5826e-4
-1.0e0 6.0e-2 6.7046e-4 6.7046e-4
-9.6e-1 6.0e-2 8.0467e-4 8.0467e-4
-9.2e-1 6.0e-2 9.6652e-4 9.6652e-4
-8.8e-1 6.0e-2 1.1603e-3 1.1603e-3
-8.4e-1 6.0e-2 1.3927e-3 1.3927e-3
-8.0e-1 6.0e-2 1.6704e-3 1.6704e-3
-7.6e-1 6.0e-2 2.005e-3 2.005e-3
-7.2e-1 6.0e-2 2.4065e-3 2.4065e-3
-6.8e-1 6.0e-2 2.8868e-3 2.8868e-3
-6.4e-1 6.0e-2 3.4605e-3 3.4605e-3
-6.0e-1 6.0e-2 4.1522e-3 4.1522e-3
-5.6e-1 6.0e-2 4.9762e-3 4.9762e-3
-5.2e-1 6.0e-2 5.9634e-3 5.9634e-3
-4.8e-1 6.0e-2 7.1425e-3 7.1425e-3
-4.4e-1 6.0e-2 8.5507e-3 8.5507e-3
-4.0e-1 6.0e-2 1.02399e-2 1.02399e-2
-3.6e-1 6.0e-2 1.2251e-2 1.2251e-2
-3.2e-1 6.0e-2 1.4651e-2 1.4651e-2
-2.8e-1 6.0e-2 1.7517e-2 1.7517e-2
-2.4e-1 6.0e-2 2.0926e-2 2.0926e-2
-2.0e-1 6.0e-2 2.4986e-2 2.4986e-2
-1.6e-1 6.0e-2 2.982e-2 2.982e-2
-1.2e-1 6.0e-2 3.5567e-2 3.5567e-2
-8.0e-2 6.0e-2 4.2374e-2 4.2374e-2
-4.0e-2 6.0e-2 5.046e-2 5.046e-2
0.0e0 6.0e-2 6.0e-2 6.0e-2

-2.0e0 8.0e-2 9.4354e-6 9.4354e-6
-1.96e0 8.0e-2 1.13411e-5 1.13411e-5
-1.92e0 8.0e-2 1.3632e-5 1.3632e-5
-1.88e0 8.0e-2 1.6386e-5 1.6386e-5
-1.84e0 8.0e-2 1.9696e-5 1.9696e-5
-1.8e0 8.0e-2 2.3676e-5 2.3676e-5
-1.76e0 8.0e-2 2.8456e-5 2.8456e-5
-1.72e0 8.0e-2 3.4201e-5 3.4201e-5
-1.68e0 8.0e-2 4.1107e-5 4.1107e-5
-1.64e0 8.0e-2 4.9403e-5 4.9403e-5
-1.6e0 8.0e-2 5.9373e-5 5.9373e-5
-1.56e0 8.0e-2 7.1353e-5 7.1353e-5
-1.52e0 8.0e-2 8.5745e-5 8.5745e-5
-1.48e0 8.0e-2 1.03035e-4 1.03035e-4
-1.44e0 8.0e-2 1.2381e-4 1.2381e-4
-1.4e0 8.0e-2 1.4876e-4 1.4876e-4
-1.36e0 8.0e-2 1.7873e-4 1.7873e-4
-1.32e0 8.0e-2 2.1472e-4 2.1472e-4
-1.28e0 8.0e-2 2.5795e-4 2.5795e-4
-1.24e0 8.0e-2 3.0986e-4 3.0986e-4
-1.2e0 8.0e-2 3.7218e-4 3.7218e-4
-1.16e0 8.0e-2 4.4698e-4 4.4698e-4
-1.12e0 8.0e-2 5.3677e-4 5.3677e-4
-1.08e0 8.0e-2 6.4452e-4 6.4452e-4
-1.04e0 8.0e-2 7.7382e-4 7.7382e-4
-1.0e0 8.0e-2 9.2896e-4 9.2896e-4
-9.6e-1 8.0e-2 1.11443e-3 1.11443e-3
-9.2e-1 8.0e-2 1.3379e-3 1.3379e-3
-8.8e-1 8.0e-2 1.6054e-3 1.6054e-3
-8.4e-1 8.0e-2 1.9257e-3 1.9257e-3
-8.0e-1 8.0e-2 2.3083e-3 2.3083e-3
-7.6e-1 8.0e-2 2.7687e-3 2.7687e-3
-7.2e-1 8.0e-2 3.3206e-3 3.3206e-3
-6.8e-1 8.0e-2 3.9803e-3 3.9803e-3
-6.4e-1 8.0e-2 4.767e-3 4.767e-3
-6.0e-1 8.0e-2 5.7141e-3 5.7141e-3
-5.6e-1 8.0e-2 6.8407e-3 6.8407e-3
-5.2e-1 8.0e-2 8.188e-3 8.188e-3
-4.8e-1 8.0e-2 9.7945e-3 9.7945e-3
-4.4e-1 8.0e-2 1.171e-2 1.171e-2
-4.0e-1 8.0e-2 1.4e-2 1.4e-2
-3.6e-1 8.0e-2 1.6724e-2 1.6724e-2
-3.2e-1 8.0e-2 1.9963e-2 1.9963e-2
-2.8e-1 8.0e-2 2.3819e-2 2.3819e-2
-2.4e-1 8.0e-2 2.8394e-2 2.8394e-2
-2.0e-1 8.0e-2 3.3824e-2 3.3824e-2
-1.6e-1 8.0e-2 4.0265e-2 4.0265e-2
-1.2e-1 8.0e-2 4.789e-2 4.789e-2
-8.0e-2 8.0e-2 5.6885e-2 5.6885e-2
-4.0e-2 8.0e-2 6.7517e-2 6.7517e-2
0.0e0 8.0e-2 8.0e-2 8.0e-2

-2.0e0 1.0e-1 1.2318e-5 1.2318e-5
-1.96e0 1.0e-1 1.4806e-5 1.4806e-5
-1.92e0 1.0e-1 1.7796e-5 1.7796e-5
-1.88e0 1.0e-1 2.139e-5 2.139e-5
-1.84e0 1.0e-1 2.571e-5 2.571e-5
-1.8e0 1.0e-1 3.09e-5 3.09e-5
-1.76e0 1.0e-1 3.7138e-5 3.7138e-5
-1.72e0 1.0e-1 4.4632e-5 4.4632e-5
-1.68e0 1.0e-1 5.3639e-5 5.3639e-5
-1.64e0 1.0e-1 6.4459e-5 6.4459e-5
-1.6e0 1.0e-1 7.7458e-5 7.7458e-5
-1.56e0 1.0e-1 9.3076e-5 9.3076e-5
-1.52e0 1.0e-1 1.11836e-4 1.11836e-4
-1.48e0 1.0e-1 1.3437e-4 1.3437e-4
-1.44e0 1.0e-1 1.6144e-4 1.6144e-4
-1.4e0 1.0e-1 1.9394e-4 1.9394e-4
-1.36e0 1.0e-1 2.3296e-4 2.3296e-4
-1.32e0 1.0e-1 2.7983e-4 2.7983e-4
-1.28e0 1.0e-1 3.3609e-4 3.3609e-4
-1.24e0 1.0e-1 4.0361e-4 4.0361e-4
-1.2e0 1.0e-1 4.8465e-4 4.8465e-4
-1.16e0 1.0e-1 5.819e-4 5.819e-4
-1.12e0 1.0e-1 6.9856e-4 6.9856e-4
-1.08e0 1.0e-1 8.3852e-4 8.3852e-4
-1.04e0 1.0e-1 1.00633e-3 1.00633e-3
-1.0e0 1.0e-1 1.2076e-3 1.2076e-3
-9.6e-1 1.0e-1 1.448e-3 1.448e-3
-9.2e-1 1.0e-1 1.7375e-3 1.7375e-3
-8.8e-1 1.0e-1 2.0837e-3 2.0837e-3
-8.4e-1 1.0e-1 2.498e-3 2.498e-3
-8.0e-1 1.0e-1 2.9926e-3 2.9926e-3
-7.6e-1 1.0e-1 3.5867e-3 3.5867e-3
-7.2e-1 1.0e-1 4.2982e-3 4.2982e-3
-6.8e-1 1.0e-1 5.1479e-3 5.1479e-3
-6.4e-1 1.0e-1 6.1595e-3 6.1595e-3
-6.0e-1 1.0e-1 7.3758e-3 7.3758e-3
-5.6e-1 1.0e-1 8.8202e-3 8.8202e-3
-5.2e-1 1.0e-1 1.05446e-2 1.05446e-2
-4.8e-1 1.0e-1 1.2596e-2 1.2596e-2
-4.4e-1 1.0e-1 1.5038e-2 1.5038e-2
-4.0e-1 1.0e-1 1.7952e-2 1.7952e-2
-3.6e-1 1.0e-1 2.1407e-2 2.1407e-2
-3.2e-1 1.0e-1 2.5507e-2 2.5507e-2
-2.8e-1 1.0e-1 3.0371e-2 3.0371e-2
-2.4e-1 1.0e-1 3.6125e-2 3.6125e-2
-2.0e-1 1.0e-1 4.293e-2 4.293e-2
-1.6e-1 1.0e-1 5.0972e-2 5.0972e-2
-1.2e-1 1.0e-1 6.0455e-2 6.0455e-2
-8.0e-2 1.0e-1 7.1593e-2 7.1593e-2
-4.0e-2 1.0e-1 8.4695e-2 8.4695e-2
0.0e0 1.0e-1 1.0e-1 1.0e-1

-2.0e0 1.2e-1 1.5454e-5 1.5454e-5
-1.96e0 1.2e-1 1.8573e-5 1.8573e-5
-1.92e0 1.2e-1 2.2324e-5 2.2324e-5
-1.88e0 1.2e-1 2.683e-5 2.683e-5
-1.84e0 1.2e-1 3.2246e-5 3.2246e-5
-1.8e0 1.2e-1 3.8754e-5 3.8754e-5
-1.76e0 1.2e-1 4.6573e-5 4.6573e-5
-1.72e0 1.2e-1 5.5966e-5 5.5966e-5
-1.68e0 1.2e-1 6.7255e-5 6.7255e-5
-1.64e0 1.2e-1 8.0814e-5 8.0814e-5
-1.6e0 1.2e-1 9.71e-5 9.71e-5
-1.56e0 1.2e-1 1.16664e-4 1.16664e-4
-1.52e0 1.2e-1 1.4015e-4 1.4015e-4
-1.48e0 1.2e-1 1.6838e-4 1.6838e-4
-1.44e0 1.2e-1 2.0226e-4 2.0226e-4
-1.4e0 1.2e-1 2.4294e-4 2.4294e-4
-1.36e0 1.2e-1 2.9176e-4 2.9176e-4
-1.32e0 1.2e-1 3.5039e-4 3.5039e-4
-1.28e0 1.2e-1 4.2073e-4 4.2073e-4
-1.24e0 1.2e-1 5.0514e-4 5.0514e-4
-1.2e0 1.2e-1 6.064e-4 6.064e-4
-1.16e0 1.2e-1 7.2786e-4 7.2786e-4
-1.12e0 1.2e-1 8.7349e-4 8.7349e-4
-1.08e0 1.2e-1 1.0481e-3 1.0481e-3
-1.04e0 1.2e-1 1.25739e-3 1.25739e-3
-1.0e0 1.2e-1 1.5082e-3 1.5082e-3
-9.6e-1 1.2e-1 1.8076e-3 1.8076e-3
-9.2e-1 1.2e-1 2.168e-3 2.168e-3
-8.8e-1 1.2e-1 2.5984e-3 2.5984e-3
-8.4e-1 1.2e-1 3.113e-3 3.113e-3
-8.0e-1 1.2e-1 3.7267e-3 3.7267e-3
-7.6e-1 1.2e-1 4.4635e-3 4.4635e-3
-7.2e-1 1.2e-1 5.3445e-3 5.3445e-3
-6.8e-1 1.2e-1 6.3953e-3 6.3953e-3
-6.4e-1 1.2e-1 7.6447e-3 7.6447e-3
-6.0e-1 1.2e-1 9.1446e-3 9.1446e-3
-5.6e-1 1.2e-1 1.09229e-2 1.09229e-2
-5.2e-1 1.2e-1 1.3042e-2 1.3042e-2
-4.8e-1 1.2e-1 1.556e-2 1.556e-2
-4.4e-1 1.2e-1 1.8546e-2 1.8546e-2
-4.0e-1 1.2e-1 2.2105e-2 2.2105e-2
-3.6e-1 1.2e-1 2.6312e-2 2.6312e-2
-3.2e-1 1.2e-1 3.1293e-2 3.1293e-2
-2.8e-1 1.2e-1 3.7184e-2 3.7184e-2
-2.4e-1 1.2e-1 4.413e-2 4.413e-2
-2.0e-1 1.2e-1 5.2315e-2 5.2315e-2
-1.6e-1 1.2e-1 6.1952e-2 6.1952e-2
-1.2e-1 1.2e-1 7.3268e-2 7.3268e-2
-8.0e-2 1.2e-1 8.6502e-2 8.6502e-2
-4.0e-2 1.2e-1 1.01994e-1 1.01994e-1
0.0e0 1.2e-1 1.2e-1 1.2e-1

-2.0e0 1.4e-1 1.8867e-5 1.8867e-5
-1.96e0 1.4e-1 2.2675e-5 2.2675e-5
-1.92e0 1.4e-1 2.7252e-5 2.7252e-5
-1.88e0 1.4e-1 3.2751e-5 3.2751e-5
-1.84e0 1.4e-1 3.936e-5 3.936e-5
-1.8e0 1.4e-1 4.73e-5 4.73e-5
-1.76e0 1.4e-1 5.6839e-5 5.6839e-5
-1.72e0 1.4e-1 6.8298e-5 6.8298e-5
-1.68e0 1.4e-1 8.2065e-5 8.2065e-5
-1.64e0 1.4e-1 9.86e-5 9.86e-5
-1.6e0 1.4e-1 1.18456e-4 1.18456e-4
-1.56e0 1.4e-1 1.423e-4 1.423e-4
-1.52e0 1.4e-1 1.7094e-4 1.7094e-4
-1.48e0 1.4e-1 2.0532e-4 2.0532e-4
-1.44e0 1.4e-1 2.466e-4 2.466e-4
-1.4e0 1.4e-1 2.9613e-4 2.9613e-4
-1.36e0 1.4e-1 3.5559e-4 3.5559e-4
-1.32e0 1.4e-1 4.2694e-4 4.2694e-4
-1.28e0 1.4e-1 5.1254e-4 5.1254e-4
-1.24e0 1.4e-1 6.152e-4 6.152e-4
-1.2e0 1.4e-1 7.3831e-4 7.3831e-4
-1.16e0 1.4e-1 8.8591e-4 8.8591e-4
-1.12e0 1.4e-1 1.0628e-3 1.0628e-3
-1.08e0 1.4e-1 1.27478e-3 1.27478e-3
-1.04e0 1.4e-1 1.5286e-3 1.5286e-3
-1.0e0 1.4e-1 1.8327e-3 1.8327e-3
-9.6e-1 1.4e-1 2.1956e-3 2.1956e-3
-9.2e-1 1.4e-1 2.6318e-3 2.6318e-3
-8.8e-1 1.4e-1 3.1525e-3 3.1525e-3
-8.4e-1 1.4e-1 3.7744e-3 3.7744e-3
-8.0e-1 1.4e-1 4.5154e-3 4.5154e-3
-7.6e-1 1.4e-1 5.4039e-3 5.4039e-3
-7.2e-1 1.4e-1 6.465e-3 6.465e-3
-6.8e-1 1.4e-1 7.729e-3 7.729e-3
-6.4e-1 1.4e-1 9.2299e-3 9.2299e-3
-6.0e-1 1.4e-1 1.10287e-2 1.10287e-2
-5.6e-1 1.4e-1 1.3158e-2 1.3158e-2
-5.2e-1 1.4e-1 1.569e-2 1.569e-2
-4.8e-1 1.4e-1 1.8692e-2 1.8692e-2
-4.4e-1 1.4e-1 2.2246e-2 2.2246e-2
-4.0e-1 1.4e-1 2.6471e-2 2.6471e-2
-3.6e-1 1.4e-1 3.1453e-2 3.1453e-2
-3.2e-1 1.4e-1 3.7334e-2 3.7334e-2
-2.8e-1 1.4e-1 4.4269e-2 4.4269e-2
-2.4e-1 1.4e-1 5.2417e-2 5.2417e-2
-2.0e-1 1.4e-1 6.1989e-2 6.1989e-2
-1.6e-1 1.4e-1 7.3212e-2 7.3212e-2
-1.2e-1 1.4e-1 8.6336e-2 8.6336e-2
-8.0e-2 1.4e-1 1.01614e-1 1.01614e-1
-4.0e-2 1.4e-1 1.1942e-1 1.1942e-1
0.0e0 1.4e-1 1.4e-1 1.4e-1

-2.0e0 1.6e-1 2.2589e-5 2.2589e-5
-1.96e0 1.6e-1 2.7147e-5 2.7147e-5
-1.92e0 1.6e-1 3.2623e-5 3.2623e-5
-1.88e0 1.6e-1 3.9206e-5 3.9206e-5
-1.84e0 1.6e-1 4.7113e-5 4.7113e-5
-1.8e0 1.6e-1 5.6613e-5 5.6613e-5
-1.76e0 1.6e-1 6.8024e-5 6.8024e-5
-1.72e0 1.6e-1 8.173e-5 8.173e-5
-1.68e0 1.6e-1 9.8195e-5 9.8195e-5
-1.64e0 1.6e-1 1.17966e-4 1.17966e-4
-1.6e0 1.6e-1 1.4171e-4 1.4171e-4
-1.56e0 1.6e-1 1.7021e-4 1.7021e-4
-1.52e0 1.6e-1 2.0444e-4 2.0444e-4
-1.48e0 1.6e-1 2.4551e-4 2.4551e-4
-1.44e0 1.6e-1 2.9482e-4 2.9482e-4
-1.4e0 1.6e-1 3.5397e-4 3.5397e-4
-1.36e0 1.6e-1 4.2496e-4 4.2496e-4
-1.32e0 1.6e-1 5.101e-4 5.101e-4
-1.28e0 1.6e-1 6.1223e-4 6.1223e-4
-1.24e0 1.6e-1 7.3463e-4 7.3463e-4
-1.2e0 1.6e-1 8.814e-4 8.814e-4
-1.16e0 1.6e-1 1.05724e-3 1.05724e-3
-1.12e0 1.6e-1 1.2679e-3 1.2679e-3
-1.08e0 1.6e-1 1.5202e-3 1.5202e-3
-1.04e0 1.6e-1 1.8222e-3 1.8222e-3
-1.0e0 1.6e-1 2.1835e-3 2.1835e-3
-9.6e-1 1.6e-1 2.6146e-3 2.6146e-3
-9.2e-1 1.6e-1 3.1322e-3 3.1322e-3
-8.8e-1 1.6e-1 3.7495e-3 3.7495e-3
-8.4e-1 1.6e-1 4.4862e-3 4.4862e-3
-8.0e-1 1.6e-1 5.363e-3 5.363e-3
-7.6e-1 1.6e-1 6.4133e-3 6.4133e-3
-7.2e-1 1.6e-1 7.666e-3 7.666e-3
-6.8e-1 1.6e-1 9.156e-3 9.156e-3
-6.4e-1 1.6e-1 1.09227e-2 1.09227e-2
-6.0e-1 1.6e-1 1.3037e-2 1.3037e-2
-5.6e-1 1.6e-1 1.5535e-2 1.5535e-2
-5.2e-1 1.6e-1 1.85e-2 1.85e-2
-4.8e-1 1.6e-1 2.2006e-2 2.2006e-2
-4.4e-1 1.6e-1 2.615e-2 2.615e-2
-4.0e-1 1.6e-1 3.1064e-2 3.1064e-2
-3.6e-1 1.6e-1 3.6842e-2 3.6842e-2
-3.2e-1 1.6e-1 4.3643e-2 4.3643e-2
-2.8e-1 1.6e-1 5.1639e-2 5.1639e-2
-2.4e-1 1.6e-1 6.1002e-2 6.1002e-2
-2.0e-1 1.6e-1 7.1959e-2 7.1959e-2
-1.6e-1 1.6e-1 8.4758e-2 8.4758e-2
-1.2e-1 1.6e-1 9.9661e-2 9.9661e-2
-8.0e-2 1.6e-1 1.1693e-1 1.1693e-1
-4.0e-2 1.6e-1 1.3696e-1 1.3696e-1
0.0e0 1.6e-1 1.59999e-1 1.59999e-1

-2.0e0 1.8e-1 2.6653e-5 2.6653e-5
-1.96e0 1.8e-1 3.2028e-5 3.2028e-5
-1.92e0 1.8e-1 3.8487e-5 3.8487e-5
-1.88e0 1.8e-1 4.625e-5 4.625e-5
-1.84e0 1.8e-1 5.5574e-5 5.5574e-5
-1.8e0 1.8e-1 6.6774e-5 6.6774e-5
-1.76e0 1.8e-1 8.0226e-5 8.0226e-5
-1.72e0 1.8e-1 9.638e-5 9.638e-5
-1.68e0 1.8e-1 1.15784e-4 1.15784e-4
-1.64e0 1.8e-1 1.3908e-4 1.3908e-4
-1.6e0 1.8e-1 1.6705e-4 1.6705e-4
-1.56e0 1.8e-1 2.0062e-4 2.0062e-4
-1.52e0 1.8e-1 2.4092e-4 2.4092e-4
-1.48e0 1.8e-1 2.8928e-4 2.8928e-4
-1.44e0 1.8e-1 3.4732e-4 3.4732e-4
-1.4e0 1.8e-1 4.1692e-4 4.1692e-4
-1.36e0 1.8e-1 5.0041e-4 5.0041e-4
-1.32e0 1.8e-1 6.0056e-4 6.0056e-4
-1.28e0 1.8e-1 7.2058e-4 7.2058e-4
-1.24e0 1.8e-1 8.6443e-4 8.6443e-4
-1.2e0 1.8e-1 1.03677e-3 1.03677e-3
-1.16e0 1.8e-1 1.2432e-3 1.2432e-3
-1.12e0 1.8e-1 1.4903e-3 1.4903e-3
-1.08e0 1.8e-1 1.7862e-3 1.7862e-3
-1.04e0 1.8e-1 2.14e-3 2.14e-3
-1.0e0 1.8e-1 2.5632e-3 2.5632e-3
-9.6e-1 1.8e-1 3.0675e-3 3.0675e-3
-9.2e-1 1.8e-1 3.6726e-3 3.6726e-3
-8.8e-1 1.8e-1 4.3938e-3 4.3938e-3
-8.4e-1 1.8e-1 5.2533e-3 5.2533e-3
-8.0e-1 1.8e-1 6.2752e-3 6.2752e-3
-7.6e-1 1.8e-1 7.4979e-3 7.4979e-3
-7.2e-1 1.8e-1 8.9542e-3 8.9542e-3
-6.8e-1 1.8e-1 1.0684e-2 1.0684e-2
-6.4e-1 1.8e-1 1.2732e-2 1.2732e-2
-6.0e-1 1.8e-1 1.5178e-2 1.5178e-2
-5.6e-1 1.8e-1 1.8063e-2 1.8063e-2
-5.2e-1 1.8e-1 2.1481e-2 2.1481e-2
-4.8e-1 1.8e-1 2.5516e-2 2.5516e-2
-4.4e-1 1.8e-1 3.0272e-2 3.0272e-2
-4.0e-1 1.8e-1 3.5898e-2 3.5898e-2
-3.6e-1 1.8e-1 4.2493e-2 4.2493e-2
-3.2e-1 1.8e-1 5.0233e-2 5.0233e-2
-2.8e-1 1.8e-1 5.9306e-2 5.9306e-2
-2.4e-1 1.8e-1 6.9894e-2 6.9894e-2
-2.0e-1 1.8e-1 8.2239e-2 8.2239e-2
-1.6e-1 1.8e-1 9.66e-2 9.66e-2
-1.2e-1 1.8e-1 1.1325e-1 1.1325e-1
-8.0e-2 1.8e-1 1.3246e-1 1.3246e-1
-4.0e-2 1.8e-1 1.5463e-1 1.5463e-1
0.0e0 1.8e-1 1.79999e-1 1.79999e-1

-2.0e0 2.0e-1 3.1094e-5 3.1094e-5
-1.96e0 2.0e-1 3.7363e-5 3.7363e-5
-1.92e0 2.0e-1 4.4896e-5 4.4896e-5
-1.88e0 2.0e-1 5.3946e-5 5.3946e-5
-1.84e0 2.0e-1 6.4818e-5 6.4818e-5
-1.8e0 2.0e-1 7.7873e-5 7.7873e-5
-1.76e0 2.0e-1 9.3553e-5 9.3553e-5
-1.72e0 2.0e-1 1.12381e-4 1.12381e-4
-1.68e0 2.0e-1 1.3499e-4 1.3499e-4
-1.64e0 2.0e-1 1.6212e-4 1.6212e-4
-1.6e0 2.0e-1 1.947e-4 1.947e-4
-1.56e0 2.0e-1 2.3381e-4 2.3381e-4
-1.52e0 2.0e-1 2.8073e-4 2.8073e-4
-1.48e0 2.0e-1 3.3702e-4 3.3702e-4
-1.44e0 2.0e-1 4.0456e-4 4.0456e-4
-1.4e0 2.0e-1 4.8553e-4 4.8553e-4
-1.36e0 2.0e-1 5.8263e-4 5.8263e-4
-1.32e0 2.0e-1 6.9904e-4 6.9904e-4
-1.28e0 2.0e-1 8.3853e-4 8.3853e-4
-1.24e0 2.0e-1 1.0056e-3 1.0056e-3
-1.2e0 2.0e-1 1.2057e-3 1.2057e-3
-1.16e0 2.0e-1 1.44524e-3 1.44524e-3
-1.12e0 2.0e-1 1.7319e-3 1.7319e-3
-1.08e0 2.0e-1 2.0747e-3 2.0747e-3
-1.04e0 2.0e-1 2.4846e-3 2.4846e-3
-1.0e0 2.0e-1 2.9744e-3 2.9744e-3
-9.6e-1 2.0e-1 3.5576e-3 3.5576e-3
-9.2e-1 2.0e-1 4.2567e-3 4.2567e-3
-8.8e-1 2.0e-1 5.0893e-3 5.0893e-3
-8.4e-1 2.0e-1 6.0805e-3 6.0805e-3
-8.0e-1 2.0e-1 7.2575e-3 7.2575e-3
-7.6e-1 2.0e-1 8.664e-3 8.664e-3
-7.2e-1 2.0e-1 1.03372e-2 1.03372e-2
-6.8e-1 2.0e-1 1.23216e-2 1.23216e-2
-6.4e-1 2.0e-1 1.4667e-2 1.4667e-2
-6.0e-1 2.0e-1 1.7464e-2 1.7464e-2
-5.6e-1 2.0e-1 2.0757e-2 2.0757e-2
-5.2e-1 2.0e-1 2.4649e-2 2.4649e-2
-4.8e-1 2.0e-1 2.9234e-2 2.9234e-2
-4.4e-1 2.0e-1 3.4625e-2 3.4625e-2
-4.0e-1 2.0e-1 4.0985e-2 4.0985e-2
-3.6e-1 2.0e-1 4.842e-2 4.842e-2
-3.2e-1 2.0e-1 5.7123e-2 5.7123e-2
-2.8e-1 2.0e-1 6.7287e-2 6.7287e-2
-2.4e-1 2.0e-1 7.9108e-2 7.9108e-2
-2.0e-1 2.0e-1 9.2838e-2 9.2838e-2
-1.6e-1 2.0e-1 1.08748e-1 1.08748e-1
-1.2e-1 2.0e-1 1.2712e-1 1.2712e-1
-8.0e-2 2.0e-1 1.4821e-1 1.4821e-1
-4.0e-2 2.0e-1 1.7242e-1 1.7242e-1
0.0e0 2.0e-1 2.0e-1 2.0e-1

-2.0e0 2.2e-1 3.5957e-5 3.5957e-5
-1.96e0 2.2e-1 4.3204e-5 4.3204e-5
-1.92e0 2.2e-1 5.191e-5 5.191e-5
-1.88e0 2.2e-1 6.237e-5 6.237e-5
-1.84e0 2.2e-1 7.4933e-5 7.4933e-5
-1.8e0 2.2e-1 9.0019e-5 9.0019e-5
-1.76e0 2.2e-1 1.08134e-4 1.08134e-4
-1.72e0 2.2e-1 1.29881e-4 1.29881e-4
-1.68e0 2.2e-1 1.55994e-4 1.55994e-4
-1.64e0 2.2e-1 1.8733e-4 1.8733e-4
-1.6e0 2.2e-1 2.2495e-4 2.2495e-4
-1.56e0 2.2e-1 2.7008e-4 2.7008e-4
-1.52e0 2.2e-1 3.2422e-4 3.2422e-4
-1.48e0 2.2e-1 3.8916e-4 3.8916e-4
-1.44e0 2.2e-1 4.6704e-4 4.6704e-4
-1.4e0 2.2e-1 5.6041e-4 5.6041e-4
-1.36e0 2.2e-1 6.7233e-4 6.7233e-4
-1.32e0 2.2e-1 8.0643e-4 8.0643e-4
-1.28e0 2.2e-1 9.6707e-4 9.6707e-4
-1.24e0 2.2e-1 1.1594e-3 1.1594e-3
-1.2e0 2.2e-1 1.38963e-3 1.38963e-3
-1.16e0 2.2e-1 1.665e-3 1.665e-3
-1.12e0 2.2e-1 1.9945e-3 1.9945e-3
-1.08e0 2.2e-1 2.3883e-3 2.3883e-3
-1.04e0 2.2e-1 2.8586e-3 2.8586e-3
-1.0e0 2.2e-1 3.4204e-3 3.4204e-3
-9.6e-1 2.2e-1 4.0886e-3 4.0886e-3
-9.2e-1 2.2e-1 4.889e-3 4.889e-3
-8.8e-1 2.2e-1 5.841e-3 5.841e-3
-8.4e-1 2.2e-1 6.9734e-3 6.9734e-3
-8.0e-1 2.2e-1 8.3165e-3 8.3165e-3
-7.6e-1 2.2e-1 9.9193e-3 9.9193e-3
-7.2e-1 2.2e-1 1.18233e-2 1.18233e-2
-6.8e-1 2.2e-1 1.40779e-2 1.40779e-2
-6.4e-1 2.2e-1 1.6739e-2 1.6739e-2
-6.0e-1 2.2e-1 1.9905e-2 1.9905e-2
-5.6e-1 2.2e-1 2.3625e-2 2.3625e-2
-5.2e-1 2.2e-1 2.8015e-2 2.8015e-2
-4.8e-1 2.2e-1 3.3174e-2 3.3174e-2
-4.4e-1 2.2e-1 3.9224e-2 3.9224e-2
-4.0e-1 2.2e-1 4.6342e-2 4.6342e-2
-3.6e-1 2.2e-1 5.4642e-2 5.4642e-2
-3.2e-1 2.2e-1 6.4323e-2 6.4323e-2
-2.8e-1 2.2e-1 7.5595e-2 7.5595e-2
-2.4e-1 2.2e-1 8.8657e-2 8.8657e-2
-2.0e-1 2.2e-1 1.03769e-1 1.03769e-1
-1.6e-1 2.2e-1 1.2122e-1 1.2122e-1
-1.2e-1 2.2e-1 1.4125e-1 1.4125e-1
-8.0e-2 2.2e-1 1.6417e-1 1.6417e-1
-4.0e-2 2.2e-1 1.9035e-1 1.9035e-1
0.0e0 2.2e-1 2.2e-1 2.2e-1

-2.0e0 2.4e-1 4.129e-5 4.129e-5
-1.96e0 2.4e-1 4.9608e-5 4.9608e-5
-1.92e0 2.4e-1 5.9601e-5 5.9601e-5
-1.88e0 2.4e-1 7.1605e-5 7.1605e-5
-1.84e0 2.4e-1 8.6021e-5 8.6021e-5
-1.8e0 2.4e-1 1.0333e-4 1.0333e-4
-1.76e0 2.4e-1 1.24109e-4 1.24109e-4
-1.72e0 2.4e-1 1.49054e-4 1.49054e-4
-1.68e0 2.4e-1 1.79e-4 1.79e-4
-1.64e0 2.4e-1 2.1494e-4 2.1494e-4
-1.6e0 2.4e-1 2.5804e-4 2.5804e-4
-1.56e0 2.4e-1 3.0977e-4 3.0977e-4
-1.52e0 2.4e-1 3.7181e-4 3.7181e-4
-1.48e0 2.4e-1 4.4618e-4 4.4618e-4
-1.44e0 2.4e-1 5.3537e-4 5.3537e-4
-1.4e0 2.4e-1 6.4224e-4 6.4224e-4
-1.36e0 2.4e-1 7.7031e-4 7.7031e-4
-1.32e0 2.4e-1 9.237e-4 9.237e-4
-1.28e0 2.4e-1 1.10738e-3 1.10738e-3
-1.24e0 2.4e-1 1.32716e-3 1.32716e-3
-1.2e0 2.4e-1 1.59013e-3 1.59013e-3
-1.16e0 2.4e-1 1.9046e-3 1.9046e-3
-1.12e0 2.4e-1 2.2804e-3 2.2804e-3
-1.08e0 2.4e-1 2.7293e-3 2.7293e-3
-1.04e0 2.4e-1 3.2652e-3 3.2652e-3
-1.0e0 2.4e-1 3.9046e-3 3.9046e-3
-9.6e-1 2.4e-1 4.6645e-3 4.6645e-3
-9.2e-1 2.4e-1 5.574e-3 5.574e-3
-8.8e-1 2.4e-1 6.6547e-3 6.6547e-3
-8.4e-1 2.4e-1 7.9384e-3 7.9384e-3
-8.0e-1 2.4e-1 9.4592e-3 9.4592e-3
-7.6e-1 2.4e-1 1.12717e-2 1.12717e-2
-7.2e-1 2.4e-1 1.34216e-2 1.34216e-2
-6.8e-1 2.4e-1 1.5964e-2 1.5964e-2
-6.4e-1 2.4e-1 1.8958e-2 1.8958e-2
-6.0e-1 2.4e-1 2.2516e-2 2.2516e-2
-5.6e-1 2.4e-1 2.6686e-2 2.6686e-2
-5.2e-1 2.4e-1 3.1596e-2 3.1596e-2
-4.8e-1 2.4e-1 3.7352e-2 3.7352e-2
-4.4e-1 2.4e-1 4.4087e-2 4.4087e-2
-4.0e-1 2.4e-1 5.1988e-2 5.1988e-2
-3.6e-1 2.4e-1 6.1174e-2 6.1174e-2
-3.2e-1 2.4e-1 7.1854e-2 7.1854e-2
-2.8e-1 2.4e-1 8.4245e-2 8.4245e-2
-2.4e-1 2.4e-1 9.8553e-2 9.8553e-2
-2.0e-1 2.4e-1 1.15044e-1 1.15044e-1
-1.6e-1 2.4e-1 1.3399e-1 1.3399e-1
-1.2e-1 2.4e-1 1.5569e-1 1.5569e-1
-8.0e-2 2.4e-1 1.8036e-1 1.8036e-1
-4.0e-2 2.4e-1 2.084e-1 2.084e-1
0.0e0 2.4e-1 2.4e-1 2.4e-1

-2.0e0 2.6e-1 4.7148e-5 4.7148e-5
-1.96e0 2.6e-1 5.6642e-5 5.6642e-5
-1.92e0 2.6e-1 6.8048e-5 6.8048e-5
-1.88e0 2.6e-1 8.1746e-5 8.1746e-5
-1.84e0 2.6e-1 9.8195e-5 9.8195e-5
-1.8e0 2.6e-1 1.1794e-4 1.1794e-4
-1.76e0 2.6e-1 1.41644e-4 1.41644e-4
-1.72e0 2.6e-1 1.70091e-4 1.70091e-4
-1.68e0 2.6e-1 2.0424e-4 2.0424e-4
-1.64e0 2.6e-1 2.452e-4 2.452e-4
-1.6e0 2.6e-1 2.9434e-4 2.9434e-4
-1.56e0 2.6e-1 3.5329e-4 3.5329e-4
-1.52e0 2.6e-1 4.2395e-4 4.2395e-4
-1.48e0 2.6e-1 5.0867e-4 5.0867e-4
-1.44e0 2.6e-1 6.102e-4 6.102e-4
-1.4e0 2.6e-1 7.3183e-4 7.3183e-4
-1.36e0 2.6e-1 8.7753e-4 8.7753e-4
-1.32e0 2.6e-1 1.05197e-3 1.05197e-3
-1.28e0 2.6e-1 1.26074e-3 1.26074e-3
-1.24e0 2.6e-1 1.51045e-3 1.51045e-3
-1.2e0 2.6e-1 1.8091e-3 1.8091e-3
-1.16e0 2.6e-1 2.1658e-3 2.1658e-3
-1.12e0 2.6e-1 2.592e-3 2.592e-3
-1.08e0 2.6e-1 3.1007e-3 3.1007e-3
-1.04e0 2.6e-1 3.7077e-3 3.7077e-3
-1.0e0 2.6e-1 4.4312e-3 4.4312e-3
-9.6e-1 2.6e-1 5.29e-3 5.29e-3
-9.2e-1 2.6e-1 6.3173e-3 6.3173e-3
-8.8e-1 2.6e-1 7.5362e-3 7.5362e-3
-8.4e-1 2.6e-1 8.9825e-3 8.9825e-3
-8.0e-1 2.6e-1 1.06938e-2 1.06938e-2
-7.6e-1 2.6e-1 1.27304e-2 1.27304e-2
-7.2e-1 2.6e-1 1.51425e-2 1.51425e-2
-6.8e-1 2.6e-1 1.799e-2 1.799e-2
-6.4e-1 2.6e-1 2.1338e-2 2.1338e-2
-6.0e-1 2.6e-1 2.5307e-2 2.5307e-2
-5.6e-1 2.6e-1 2.9951e-2 2.9951e-2
-5.2e-1 2.6e-1 3.5406e-2 3.5406e-2
-4.8e-1 2.6e-1 4.1786e-2 4.1786e-2
-4.4e-1 2.6e-1 4.923e-2 4.923e-2
-4.0e-1 2.6e-1 5.7939e-2 5.7939e-2
-3.6e-1 2.6e-1 6.8033e-2 6.8033e-2
-3.2e-1 2.6e-1 7.973e-2 7.973e-2
-2.8e-1 2.6e-1 9.3256e-2 9.3256e-2
-2.4e-1 2.6e-1 1.08813e-1 1.08813e-1
-2.0e-1 2.6e-1 1.2668e-1 1.2668e-1
-1.6e-1 2.6e-1 1.4711e-1 1.4711e-1
-1.2e-1 2.6e-1 1.704e-1 1.704e-1
-8.0e-2 2.6e-1 1.9676e-1 1.9676e-1
-4.0e-2 2.6e-1 2.2658e-1 2.2658e-1
0.0e0 2.6e-1 2.59999e-1 2.59999e-1

-2.0e0 2.8e-1 5.3595e-5 5.3595e-5
-1.96e0 2.8e-1 6.4383e-5 6.4383e-5
-1.92e0 2.8e-1 7.734e-5 7.734e-5
-1.88e0 2.8e-1 9.29e-5 9.29e-5
-1.84e0 2.8e-1 1.11583e-4 1.11583e-4
-1.8e0 2.8e-1 1.34009e-4 1.34009e-4
-1.76e0 2.8e-1 1.60922e-4 1.60922e-4
-1.72e0 2.8e-1 1.9322e-4 1.9322e-4
-1.68e0 2.8e-1 2.3198e-4 2.3198e-4
-1.64e0 2.8e-1 2.7846e-4 2.7846e-4
-1.6e0 2.8e-1 3.3421e-4 3.3421e-4
-1.56e0 2.8e-1 4.0106e-4 4.0106e-4
-1.52e0 2.8e-1 4.812e-4 4.812e-4
-1.48e0 2.8e-1 5.7724e-4 5.7724e-4
-1.44e0 2.8e-1 6.9229e-4 6.9229e-4
-1.4e0 2.8e-1 8.3008e-4 8.3008e-4
-1.36e0 2.8e-1 9.9504e-4 9.9504e-4
-1.32e0 2.8e-1 1.1925e-3 1.1925e-3
-1.28e0 2.8e-1 1.42868e-3 1.42868e-3
-1.24e0 2.8e-1 1.71101e-3 1.71101e-3
-1.2e0 2.8e-1 2.0485e-3 2.0485e-3
-1.16e0 2.8e-1 2.4515e-3 2.4515e-3
-1.12e0 2.8e-1 2.9324e-3 2.9324e-3
-1.08e0 2.8e-1 3.5062e-3 3.5062e-3
-1.04e0 2.8e-1 4.1899e-3 4.1899e-3
-1.0e0 2.8e-1 5.0044e-3 5.0044e-3
-9.6e-1 2.8e-1 5.9705e-3 5.9705e-3
-9.2e-1 2.8e-1 7.1246e-3 7.1246e-3
-8.8e-1 2.8e-1 8.4924e-3 8.4924e-3
-8.4e-1 2.8e-1 1.01137e-2 1.01137e-2
-8.0e-1 2.8e-1 1.20291e-2 1.20291e-2
-7.6e-1 2.8e-1 1.43056e-2 1.43056e-2
-7.2e-1 2.8e-1 1.6997e-2 1.6997e-2
-6.8e-1 2.8e-1 2.0169e-2 2.0169e-2
-6.4e-1 2.8e-1 2.389e-2 2.389e-2
-6.0e-1 2.8e-1 2.8296e-2 2.8296e-2
-5.6e-1 2.8e-1 3.3438e-2 3.3438e-2
-5.2e-1 2.8e-1 3.9465e-2 3.9465e-2
-4.8e-1 2.8e-1 4.6494e-2 4.6494e-2
-4.4e-1 2.8e-1 5.4674e-2 5.4674e-2
-4.0e-1 2.8e-1 6.4215e-2 6.4215e-2
-3.6e-1 2.8e-1 7.524e-2 7.524e-2
-3.2e-1 2.8e-1 8.7973e-2 8.7973e-2
-2.8e-1 2.8e-1 1.02643e-1 1.02643e-1
-2.4e-1 2.8e-1 1.19452e-1 1.19452e-1
-2.0e-1 2.8e-1 1.3867e-1 1.3867e-1
-1.6e-1 2.8e-1 1.6057e-1 1.6057e-1
-1.2e-1 2.8e-1 1.8541e-1 1.8541e-1
-8.0e-2 2.8e-1 2.134e-1 2.134e-1
-4.0e-2 2.8e-1 2.4489e-1 2.4489e-1
0.0e0 2.8e-1 2.79999e-1 2.79999e-1

-2.0e0 3.0e-1 6.0703e-5 6.0703e-5
-1.96e0 3.0e-1 7.2916e-5 7.2916e-5
-1.92e0 3.0e-1 8.7584e-5 8.7584e-5
-1.88e0 3.0e-1 1.05196e-4 1.05196e-4
-1.84e0 3.0e-1 1.26338e-4 1.26338e-4
-1.8e0 3.0e-1 1.51712e-4 1.51712e-4
-1.76e0 3.0e-1 1.82161e-4 1.82161e-4
-1.72e0 3.0e-1 2.1869e-4 2.1869e-4
-1.68e0 3.0e-1 2.6251e-4 2.6251e-4
-1.64e0 3.0e-1 3.1508e-4 3.1508e-4
-1.6e0 3.0e-1 3.781e-4 3.781e-4
-1.56e0 3.0e-1 4.5364e-4 4.5364e-4
-1.52e0 3.0e-1 5.4417e-4 5.4417e-4
-1.48e0 3.0e-1 6.5262e-4 6.5262e-4
-1.44e0 3.0e-1 7.825e-4 7.825e-4
-1.4e0 3.0e-1 9.3799e-4 9.3799e-4
-1.36e0 3.0e-1 1.12408e-3 1.12408e-3
-1.32e0 3.0e-1 1.3467e-3 1.3467e-3
-1.28e0 3.0e-1 1.61285e-3 1.61285e-3
-1.24e0 3.0e-1 1.93085e-3 1.93085e-3
-1.2e0 3.0e-1 2.3106e-3 2.3106e-3
-1.16e0 3.0e-1 2.764e-3 2.764e-3
-1.12e0 3.0e-1 3.3046e-3 3.3046e-3
-1.08e0 3.0e-1 3.949e-3 3.949e-3
-1.04e0 3.0e-1 4.7163e-3 4.7163e-3
-1.0e0 3.0e-1 5.6296e-3 5.6296e-3
-9.6e-1 3.0e-1 6.7116e-3 6.7116e-3
-9.2e-1 3.0e-1 8.0028e-3 8.0028e-3
-8.8e-1 3.0e-1 9.5314e-3 9.5314e-3
-8.4e-1 3.0e-1 1.13406e-2 1.13406e-2
-8.0e-1 3.0e-1 1.34753e-2 1.34753e-2
-7.6e-1 3.0e-1 1.60083e-2 1.60083e-2
-7.2e-1 3.0e-1 1.8999e-2 1.8999e-2
-6.8e-1 3.0e-1 2.2516e-2 2.2516e-2
-6.4e-1 3.0e-1 2.6634e-2 2.6634e-2
-6.0e-1 3.0e-1 3.15e-2 3.15e-2
-5.6e-1 3.0e-1 3.7166e-2 3.7166e-2
-5.2e-1 3.0e-1 4.379e-2 4.379e-2
-4.8e-1 3.0e-1 5.1495e-2 5.1495e-2
-4.4e-1 3.0e-1 6.0439e-2 6.0439e-2
-4.0e-1 3.0e-1 7.0839e-2 7.0839e-2
-3.6e-1 3.0e-1 8.2816e-2 8.2816e-2
-3.2e-1 3.0e-1 9.66e-2 9.66e-2
-2.8e-1 3.0e-1 1.12425e-1 1.12425e-1
-2.4e-1 3.0e-1 1.30487e-1 1.30487e-1
-2.0e-1 3.0e-1 1.5105e-1 1.5105e-1
-1.6e-1 3.0e-1 1.7438e-1 1.7438e-1
-1.2e-1 3.0e-1 2.0071e-1 2.0071e-1
-8.0e-2 3.0e-1 2.3026e-1 2.3026e-1
-4.0e-2 3.0e-1 2.6334e-1 2.6334e-1
0.0e0 3.0e-1 3.0e-1 3.0e-1

-2.0e0 3.2e-1 6.8558e-5 6.8558e-5
-1.96e0 3.2e-1 8.2344e-5 8.2344e-5
-1.92e0 3.2e-1 9.89e-5 9.89e-5
-1.88e0 3.2e-1 1.18776e-4 1.18776e-4
-1.84e0 3.2e-1 1.42633e-4 1.42633e-4
-1.8e0 3.2e-1 1.71259e-4 1.71259e-4
-1.76e0 3.2e-1 2.05605e-4 2.05605e-4
-1.72e0 3.2e-1 2.468e-4 2.468e-4
-1.68e0 3.2e-1 2.9622e-4 2.9622e-4
-1.64e0 3.2e-1 3.5547e-4 3.5547e-4
-1.6e0 3.2e-1 4.2648e-4 4.2648e-4
-1.56e0 3.2e-1 5.116e-4 5.116e-4
-1.52e0 3.2e-1 6.1356e-4 6.1356e-4
-1.48e0 3.2e-1 7.3566e-4 7.3566e-4
-1.44e0 3.2e-1 8.8184e-4 8.8184e-4
-1.4e0 3.2e-1 1.05676e-3 1.05676e-3
-1.36e0 3.2e-1 1.26602e-3 1.26602e-3
-1.32e0 3.2e-1 1.51624e-3 1.51624e-3
-1.28e0 3.2e-1 1.81523e-3 1.81523e-3
-1.24e0 3.2e-1 2.1722e-3 2.1722e-3
-1.2e0 3.2e-1 2.5984e-3 2.5984e-3
-1.16e0 3.2e-1 3.1067e-3 3.1067e-3
-1.12e0 3.2e-1 3.7123e-3 3.7123e-3
-1.08e0 3.2e-1 4.4337e-3 4.4337e-3
-1.04e0 3.2e-1 5.2919e-3 5.2919e-3
-1.0e0 3.2e-1 6.3124e-3 6.3124e-3
-9.6e-1 3.2e-1 7.5201e-3 7.5201e-3
-9.2e-1 3.2e-1 8.9595e-3 8.9595e-3
-8.8e-1 3.2e-1 1.06615e-2 1.06615e-2
-8.4e-1 3.2e-1 1.26735e-2 1.26735e-2
-8.0e-1 3.2e-1 1.50435e-2 1.50435e-2
-7.6e-1 3.2e-1 1.78513e-2 1.78513e-2
-7.2e-1 3.2e-1 2.116e-2 2.116e-2
-6.8e-1 3.2e-1 2.5044e-2 2.5044e-2
-6.4e-1 3.2e-1 2.9585e-2 2.9585e-2
-6.0e-1 3.2e-1 3.4937e-2 3.4937e-2
-5.6e-1 3.2e-1 4.1153e-2 4.1153e-2
-5.2e-1 3.2e-1 4.8404e-2 4.8404e-2
-4.8e-1 3.2e-1 5.6815e-2 5.6815e-2
-4.4e-1 3.2e-1 6.6547e-2 6.6547e-2
-4.0e-1 3.2e-1 7.783e-2 7.783e-2
-3.6e-1 3.2e-1 9.078e-2 9.078e-2
-3.2e-1 3.2e-1 1.05635e-1 1.05635e-1
-2.8e-1 3.2e-1 1.22623e-1 1.22623e-1
-2.4e-1 3.2e-1 1.4194e-1 1.4194e-1
-2.0e-1 3.2e-1 1.6383e-1 1.6383e-1
-1.6e-1 3.2e-1 1.8857e-1 1.8857e-1
-1.2e-1 3.2e-1 2.1634e-1 2.1634e-1
-8.0e-2 3.2e-1 2.4736e-1 2.4736e-1
-4.0e-2 3.2e-1 2.819e-1 2.819e-1
0.0e0 3.2e-1 3.2e-1 3.2e-1

-2.0e0 3.4e-1 7.7255e-5 7.7255e-5
-1.96e0 3.4e-1 9.2783e-5 9.2783e-5
-1.92e0 3.4e-1 1.11427e-4 1.11427e-4
-1.88e0 3.4e-1 1.33807e-4 1.33807e-4
-1.84e0 3.4e-1 1.60666e-4 1.60666e-4
-1.8e0 3.4e-1 1.92888e-4 1.92888e-4
-1.76e0 3.4e-1 2.3154e-4 2.3154e-4
-1.72e0 3.4e-1 2.779e-4 2.779e-4
-1.68e0 3.4e-1 3.3348e-4 3.3348e-4
-1.64e0 3.4e-1 4.001e-4 4.001e-4
-1.6e0 3.4e-1 4.7995e-4 4.7995e-4
-1.56e0 3.4e-1 5.756e-4 5.756e-4
-1.52e0 3.4e-1 6.9017e-4 6.9017e-4
-1.48e0 3.4e-1 8.2732e-4 8.2732e-4
-1.44e0 3.4e-1 9.9144e-4 9.9144e-4
-1.4e0 3.4e-1 1.18776e-3 1.18776e-3
-1.36e0 3.4e-1 1.42249e-3 1.42249e-3
-1.32e0 3.4e-1 1.703e-3 1.703e-3
-1.28e0 3.4e-1 2.03801e-3 2.03801e-3
-1.24e0 3.4e-1 2.4377e-3 2.4377e-3
-1.2e0 3.4e-1 2.9147e-3 2.9147e-3
-1.16e0 3.4e-1 3.483e-3 3.483e-3
-1.12e0 3.4e-1 4.1599e-3 4.1599e-3
-1.08e0 3.4e-1 4.9652e-3 4.9652e-3
-1.04e0 3.4e-1 5.9224e-3 5.9224e-3
-1.0e0 3.4e-1 7.0593e-3 7.0593e-3
-9.6e-1 3.4e-1 8.4035e-3 8.4035e-3
-9.2e-1 3.4e-1 1.00035e-2 1.00035e-2
-8.8e-1 3.4e-1 1.18929e-2 1.18929e-2
-8.4e-1 3.4e-1 1.41231e-2 1.41231e-2
-8.0e-1 3.4e-1 1.67464e-2 1.67464e-2
-7.6e-1 3.4e-1 1.9849e-2 1.9849e-2
-7.2e-1 3.4e-1 2.3499e-2 2.3499e-2
-6.8e-1 3.4e-1 2.7774e-2 2.7774e-2
-6.4e-1 3.4e-1 3.2762e-2 3.2762e-2
-6.0e-1 3.4e-1 3.8626e-2 3.8626e-2
-5.6e-1 3.4e-1 4.5422e-2 4.5422e-2
-5.2e-1 3.4e-1 5.3328e-2 5.3328e-2
-4.8e-1 3.4e-1 6.2474e-2 6.2474e-2
-4.4e-1 3.4e-1 7.3024e-2 7.3024e-2
-4.0e-1 3.4e-1 8.5216e-2 8.5216e-2
-3.6e-1 3.4e-1 9.9162e-2 9.9162e-2
-3.2e-1 3.4e-1 1.151e-1 1.151e-1
-2.8e-1 3.4e-1 1.33257e-1 1.33257e-1
-2.4e-1 3.4e-1 1.5381e-1 1.5381e-1
-2.0e-1 3.4e-1 1.7702e-1 1.7702e-1
-1.6e-1 3.4e-1 2.0311e-1 2.0311e-1
-1.2e-1 3.4e-1 2.3228e-1 2.3228e-1
-8.0e-2 3.4e-1 2.647e-1 2.647e-1
-4.0e-2 3.4e-1 3.006e-1 3.006e-1
0.0e0 3.4e-1 3.4e-1 3.4e-1

-2.0e0 3.6e-1 8.691e-5 8.691e-5
-1.96e0 3.6e-1 1.04369e-4 1.04369e-4
-1.92e0 3.6e-1 1.2533e-4 1.2533e-4
-1.88e0 3.6e-1 1.50485e-4 1.50485e-4
-1.84e0 3.6e-1 1.8067e-4 1.8067e-4
-1.8e0 3.6e-1 2.16875e-4 2.16875e-4
-1.76e0 3.6e-1 2.603e-4 2.603e-4
-1.72e0 3.6e-1 3.1236e-4 3.1236e-4
-1.68e0 3.6e-1 3.7477e-4 3.7477e-4
-1.64e0 3.6e-1 4.4957e-4 4.4957e-4
-1.6e0 3.6e-1 5.3917e-4 5.3917e-4
-1.56e0 3.6e-1 6.465e-4 6.465e-4
-1.52e0 3.6e-1 7.7498e-4 7.7498e-4
-1.48e0 3.6e-1 9.2871e-4 9.2871e-4
-1.44e0 3.6e-1 1.11264e-3 1.11264e-3
-1.4e0 3.6e-1 1.33252e-3 1.33252e-3
-1.36e0 3.6e-1 1.5953e-3 1.5953e-3
-1.32e0 3.6e-1 1.9092e-3 1.9092e-3
-1.28e0 3.6e-1 2.28381e-3 2.28381e-3
-1.24e0 3.6e-1 2.7306e-3 2.7306e-3
-1.2e0 3.6e-1 3.2631e-3 3.2631e-3
-1.16e0 3.6e-1 3.8974e-3 3.8974e-3
-1.12e0 3.6e-1 4.652e-3 4.652e-3
-1.08e0 3.6e-1 5.549e-3 5.549e-3
-1.04e0 3.6e-1 6.6142e-3 6.6142e-3
-1.0e0 3.6e-1 7.8778e-3 7.8778e-3
-9.6e-1 3.6e-1 9.3703e-3 9.3703e-3
-9.2e-1 3.6e-1 1.11444e-2 1.11444e-2
-8.8e-1 3.6e-1 1.32367e-2 1.32367e-2
-8.4e-1 3.6e-1 1.57025e-2 1.57025e-2
-8.0e-1 3.6e-1 1.85982e-2 1.85982e-2
-7.6e-1 3.6e-1 2.2017e-2 2.2017e-2
-7.2e-1 3.6e-1 2.603e-2 2.603e-2
-6.8e-1 3.6e-1 3.0724e-2 3.0724e-2
-6.4e-1 3.6e-1 3.6186e-2 3.6186e-2
-6.0e-1 3.6e-1 4.2592e-2 4.2592e-2
-5.6e-1 3.6e-1 4.9998e-2 4.9998e-2
-5.2e-1 3.6e-1 5.859e-2 5.859e-2
-4.8e-1 3.6e-1 6.85e-2 6.85e-2
-4.4e-1 3.6e-1 7.9897e-2 7.9897e-2
-4.0e-1 3.6e-1 9.3024e-2 9.3024e-2
-3.6e-1 3.6e-1 1.07985e-1 1.07985e-1
-3.2e-1 3.6e-1 1.2502e-1 1.2502e-1
-2.8e-1 3.6e-1 1.44348e-1 1.44348e-1
-2.4e-1 3.6e-1 1.6614e-1 1.6614e-1
-2.0e-1 3.6e-1 1.9064e-1 1.9064e-1
-1.6e-1 3.6e-1 2.1805e-1 2.1805e-1
-1.2e-1 3.6e-1 2.4855e-1 2.4855e-1
-8.0e-2 3.6e-1 2.8227e-1 2.8227e-1
-4.0e-2 3.6e-1 3.1944e-1 3.1944e-1
0.0e0 3.6e-1 3.59999e-1 3.59999e-1

-2.0e0 3.8e-1 9.7655e-5 9.7655e-5
-1.96e0 3.8e-1 1.1726e-4 1.1726e-4
-1.92e0 3.8e-1 1.40794e-4 1.40794e-4
-1.88e0 3.8e-1 1.69035e-4 1.69035e-4
-1.84e0 3.8e-1 2.02916e-4 2.02916e-4
-1.8e0 3.8e-1 2.43544e-4 2.43544e-4
-1.76e0 3.8e-1 2.9227e-4 2.9227e-4
-1.72e0 3.8e-1 3.5066e-4 3.5066e-4
-1.68e0 3.8e-1 4.2065e-4 4.2065e-4
-1.64e0 3.8e-1 5.045e-4 5.045e-4
-1.6e0 3.8e-1 6.0492e-4 6.0492e-4
-1.56e0 3.8e-1 7.2516e-4 7.2516e-4
-1.52e0 3.8e-1 8.6905e-4 8.6905e-4
-1.48e0 3.8e-1 1.04117e-3 1.04117e-3
-1.44e0 3.8e-1 1.24696e-3 1.24696e-3
-1.4e0 3.8e-1 1.49289e-3 1.49289e-3
-1.36e0 3.8e-1 1.78665e-3 1.78665e-3
-1.32e0 3.8e-1 2.13731e-3 2.13731e-3
-1.28e0 3.8e-1 2.5555e-3 2.5555e-3
-1.24e0 3.8e-1 3.054e-3 3.054e-3
-1.2e0 3.8e-1 3.6478e-3 3.6478e-3
-1.16e0 3.8e-1 4.3542e-3 4.3542e-3
-1.12e0 3.8e-1 5.1941e-3 5.1941e-3
-1.08e0 3.8e-1 6.1916e-3 6.1916e-3
-1.04e0 3.8e-1 7.3747e-3 7.3747e-3
-1.0e0 3.8e-1 8.7767e-3 8.7767e-3
-9.6e-1 3.8e-1 1.04303e-2 1.04303e-2
-9.2e-1 3.8e-1 1.23936e-2 1.23936e-2
-8.8e-1 3.8e-1 1.47055e-2 1.47055e-2
-8.4e-1 3.8e-1 1.74258e-2 1.74258e-2
-8.0e-1 3.8e-1 2.0615e-2 2.0615e-2
-7.6e-1 3.8e-1 2.4373e-2 2.4373e-2
-7.2e-1 3.8e-1 2.8777e-2 2.8777e-2
-6.8e-1 3.8e-1 3.3914e-2 3.3914e-2
-6.4e-1 3.8e-1 3.988e-2 3.988e-2
-6.0e-1 3.8e-1 4.686e-2 4.686e-2
-5.6e-1 3.8e-1 5.4909e-2 5.4909e-2
-5.2e-1 3.8e-1 6.4218e-2 6.4218e-2
-4.8e-1 3.8e-1 7.4922e-2 7.4922e-2
-4.4e-1 3.8e-1 8.7193e-2 8.7193e-2
-4.0e-1 3.8e-1 1.01279e-1 1.01279e-1
-3.6e-1 3.8e-1 1.17276e-1 1.17276e-1
-3.2e-1 3.8e-1 1.35419e-1 1.35419e-1
-2.8e-1 3.8e-1 1.5591e-1 1.5591e-1
-2.4e-1 3.8e-1 1.7894e-1 1.7894e-1
-2.0e-1 3.8e-1 2.047e-1 2.047e-1
-1.6e-1 3.8e-1 2.3338e-1 2.3338e-1
-1.2e-1 3.8e-1 2.6517e-1 2.6517e-1
-8.0e-2 3.8e-1 3.001e-1 3.001e-1
-4.0e-2 3.8e-1 3.3841e-1 3.3841e-1
0.0e0 3.8e-1 3.79999e-1 3.79999e-1

-2.0e0 4.0e-1 1.09644e-4 1.09644e-4
-1.96e0 4.0e-1 1.31644e-4 1.31644e-4
-1.92e0 4.0e-1 1.58047e-4 1.58047e-4
-1.88e0 4.0e-1 1.89726e-4 1.89726e-4
-1.84e0 4.0e-1 2.2772e-4 2.2772e-4
-1.8e0 4.0e-1 2.7328e-4 2.7328e-4
-1.76e0 4.0e-1 3.279e-4 3.279e-4
-1.72e0 4.0e-1 3.9334e-4 3.9334e-4
-1.68e0 4.0e-1 4.7176e-4 4.7176e-4
-1.64e0 4.0e-1 5.6567e-4 5.6567e-4
-1.6e0 4.0e-1 6.7812e-4 6.7812e-4
-1.56e0 4.0e-1 8.127e-4 8.127e-4
-1.52e0 4.0e-1 9.7372e-4 9.7372e-4
-1.48e0 4.0e-1 1.16617e-3 1.16617e-3
-1.44e0 4.0e-1 1.39622e-3 1.39622e-3
-1.4e0 4.0e-1 1.67099e-3 1.67099e-3
-1.36e0 4.0e-1 1.99901e-3 1.99901e-3
-1.32e0 4.0e-1 2.39034e-3 2.39034e-3
-1.28e0 4.0e-1 2.8568e-3 2.8568e-3
-1.24e0 4.0e-1 3.4123e-3 3.4123e-3
-1.2e0 4.0e-1 4.0733e-3 4.0733e-3
-1.16e0 4.0e-1 4.8593e-3 4.8593e-3
-1.12e0 4.0e-1 5.7928e-3 5.7928e-3
-1.08e0 4.0e-1 6.9003e-3 6.9003e-3
-1.04e0 4.0e-1 8.2126e-3 8.2126e-3
-1.0e0 4.0e-1 9.7656e-3 9.7656e-3
-9.6e-1 4.0e-1 1.1595e-2 1.1595e-2
-9.2e-1 4.0e-1 1.3764e-2 1.3764e-2
-8.8e-1 4.0e-1 1.6314e-2 1.6314e-2
-8.4e-1 4.0e-1 1.93095e-2 1.93095e-2
-8.0e-1 4.0e-1 2.2815e-2 2.2815e-2
-7.6e-1 4.0e-1 2.6938e-2 2.6938e-2
-7.2e-1 4.0e-1 3.1758e-2 3.1758e-2
-6.8e-1 4.0e-1 3.737e-2 3.737e-2
-6.4e-1 4.0e-1 4.3872e-2 4.3872e-2
-6.0e-1 4.0e-1 5.1459e-2 5.1459e-2
-5.6e-1 4.0e-1 6.0182e-2 6.0182e-2
-5.2e-1 4.0e-1 7.0241e-2 7.0241e-2
-4.8e-1 4.0e-1 8.1772e-2 8.1772e-2
-4.4e-1 4.0e-1 9.4946e-2 9.4946e-2
-4.0e-1 4.0e-1 1.10016e-1 1.10016e-1
-3.6e-1 4.0e-1 1.27066e-1 1.27066e-1
-3.2e-1 4.0e-1 1.46326e-1 1.46326e-1
-2.8e-1 4.0e-1 1.68e-1 1.68e-1
-2.4e-1 4.0e-1 1.9223e-1 1.9223e-1
-2.0e-1 4.0e-1 2.1921e-1 2.1921e-1
-1.6e-1 4.0e-1 2.4913e-1 2.4913e-1
-1.2e-1 4.0e-1 2.821e-1 2.821e-1
-8.0e-2 4.0e-1 3.1818e-1 3.1818e-1
-4.0e-2 4.0e-1 3.5753e-1 3.5753e-1
0.0e0 4.0e-1 4.0e-1 4.0e-1

-2.0e0 4.2e-1 1.23062e-4 1.23062e-4
-1.96e0 4.2e-1 1.47739e-4 1.47739e-4
-1.92e0 4.2e-1 1.77348e-4 1.77348e-4
-1.88e0 4.2e-1 2.12866e-4 2.12866e-4
-1.84e0 4.2e-1 2.55461e-4 2.55461e-4
-1.8e0 4.2e-1 3.0652e-4 3.0652e-4
-1.76e0 4.2e-1 3.677e-4 3.677e-4
-1.72e0 4.2e-1 4.4102e-4 4.4102e-4
-1.68e0 4.2e-1 5.2884e-4 5.2884e-4
-1.64e0 4.2e-1 6.3399e-4 6.3399e-4
-1.6e0 4.2e-1 7.5981e-4 7.5981e-4
-1.56e0 4.2e-1 9.1037e-4 9.1037e-4
-1.52e0 4.2e-1 1.09038e-3 1.09038e-3
-1.48e0 4.2e-1 1.30551e-3 1.30551e-3
-1.44e0 4.2e-1 1.56252e-3 1.56252e-3
-1.4e0 4.2e-1 1.8693e-3 1.8693e-3
-1.36e0 4.2e-1 2.23529e-3 2.23529e-3
-1.32e0 4.2e-1 2.67166e-3 2.67166e-3
-1.28e0 4.2e-1 3.1914e-3 3.1914e-3
-1.24e0 4.2e-1 3.81e-3 3.81e-3
-1.2e0 4.2e-1 4.5454e-3 4.5454e-3
-1.16e0 4.2e-1 5.4192e-3 5.4192e-3
-1.12e0 4.2e-1 6.4555e-3 6.4555e-3
-1.08e0 4.2e-1 7.6839e-3 7.6839e-3
-1.04e0 4.2e-1 9.1377e-3 9.1377e-3
-1.0e0 4.2e-1 1.0856e-2 1.0856e-2
-9.6e-1 4.2e-1 1.28773e-2 1.28773e-2
-9.2e-1 4.2e-1 1.52701e-2 1.52701e-2
-8.8e-1 4.2e-1 1.80786e-2 1.80786e-2
-8.4e-1 4.2e-1 2.13724e-2 2.13724e-2
-8.0e-1 4.2e-1 2.522e-2 2.522e-2
-7.6e-1 4.2e-1 2.9735e-2 2.9735e-2
-7.2e-1 4.2e-1 3.5002e-2 3.5002e-2
-6.8e-1 4.2e-1 4.1121e-2 4.1121e-2
-6.4e-1 4.2e-1 4.819e-2 4.819e-2
-6.0e-1 4.2e-1 5.6418e-2 5.6418e-2
-5.6e-1 4.2e-1 6.5851e-2 6.5851e-2
-5.2e-1 4.2e-1 7.6694e-2 7.6694e-2
-4.8e-1 4.2e-1 8.9085e-2 8.9085e-2
-4.4e-1 4.2e-1 1.03192e-1 1.03192e-1
-4.0e-1 4.2e-1 1.19269e-1 1.19269e-1
-3.6e-1 4.2e-1 1.37387e-1 1.37387e-1
-3.2e-1 4.2e-1 1.57771e-1 1.57771e-1
-2.8e-1 4.2e-1 1.8062e-1 1.8062e-1
-2.4e-1 4.2e-1 2.0604e-1 2.0604e-1
-2.0e-1 4.2e-1 2.342e-1 2.342e-1
-1.6e-1 4.2e-1 2.653e-1 2.653e-1
-1.2e-1 4.2e-1 2.9941e-1 2.9941e-1
-8.0e-2 4.2e-1 3.365e-1 3.365e-1
-4.0e-2 4.2e-1 3.7677e-1 3.7677e-1
0.0e0 4.2e-1 4.2e-1 4.2e-1

-2.0e0 4.4e-1 1.38127e-4 1.38127e-4
-1.96e0 4.4e-1 1.65804e-4 1.65804e-4
-1.92e0 4.4e-1 1.9901e-4 1.9901e-4
-1.88e0 4.4e-1 2.38832e-4 2.38832e-4
-1.84e0 4.4e-1 2.86578e-4 2.86578e-4
-1.8e0 4.4e-1 3.438e-4 3.438e-4
-1.76e0 4.4e-1 4.1235e-4 4.1235e-4
-1.72e0 4.4e-1 4.9446e-4 4.9446e-4
-1.68e0 4.4e-1 5.928e-4 5.928e-4
-1.64e0 4.4e-1 7.105e-4 7.105e-4
-1.6e0 4.4e-1 8.5129e-4 8.5129e-4
-1.56e0 4.4e-1 1.01967e-3 1.01967e-3
-1.52e0 4.4e-1 1.22092e-3 1.22092e-3
-1.48e0 4.4e-1 1.46129e-3 1.46129e-3
-1.44e0 4.4e-1 1.7483e-3 1.7483e-3
-1.4e0 4.4e-1 2.0907e-3 2.0907e-3
-1.36e0 4.4e-1 2.49895e-3 2.49895e-3
-1.32e0 4.4e-1 2.9854e-3 2.9854e-3
-1.28e0 4.4e-1 3.5643e-3 3.5643e-3
-1.24e0 4.4e-1 4.2526e-3 4.2526e-3
-1.2e0 4.4e-1 5.0703e-3 5.0703e-3
-1.16e0 4.4e-1 6.0406e-3 6.0406e-3
-1.12e0 4.4e-1 7.1907e-3 7.1907e-3
-1.08e0 4.4e-1 8.5521e-3 8.5521e-3
-1.04e0 4.4e-1 1.01613e-2 1.01613e-2
-1.0e0 4.4e-1 1.20609e-2 1.20609e-2
-9.6e-1 4.4e-1 1.4292e-2 1.4292e-2
-9.2e-1 4.4e-1 1.6929e-2 1.6929e-2
-8.8e-1 4.4e-1 2.00189e-2 2.00189e-2
-8.4e-1 4.4e-1 2.36357e-2 2.36357e-2
-8.0e-1 4.4e-1 2.7852e-2 2.7852e-2
-7.6e-1 4.4e-1 3.279e-2 3.279e-2
-7.2e-1 4.4e-1 3.8536e-2 3.8536e-2
-6.8e-1 4.4e-1 4.5195e-2 4.5195e-2
-6.4e-1 4.4e-1 5.2869e-2 5.2869e-2
-6.0e-1 4.4e-1 6.1774e-2 6.1774e-2
-5.6e-1 4.4e-1 7.1953e-2 7.1953e-2
-5.2e-1 4.4e-1 8.3617e-2 8.3617e-2
-4.8e-1 4.4e-1 9.6898e-2 9.6898e-2
-4.4e-1 4.4e-1 1.11966e-1 1.11966e-1
-4.0e-1 4.4e-1 1.29074e-1 1.29074e-1
-3.6e-1 4.4e-1 1.48274e-1 1.48274e-1
-3.2e-1 4.4e-1 1.6978e-1 1.6978e-1
-2.8e-1 4.4e-1 1.9379e-1 1.9379e-1
-2.4e-1 4.4e-1 2.2037e-1 2.2037e-1
-2.0e-1 4.4e-1 2.4971e-1 2.4971e-1
-1.6e-1 4.4e-1 2.8192e-1 2.8192e-1
-1.2e-1 4.4e-1 3.1706e-1 3.1706e-1
-8.0e-2 4.4e-1 3.5509e-1 3.5509e-1
-4.0e-2 4.4e-1 3.9615e-1 3.9615e-1
0.0e0 4.4e-1 4.4e-1 4.4e-1

-2.0e0 4.6e-1 1.55096e-4 1.55096e-4
-1.96e0 4.6e-1 1.86151e-4 1.86151e-4
-1.92e0 4.6e-1 2.23401e-4 2.23401e-4
-1.88e0 4.6e-1 2.68063e-4 2.68063e-4
-1.84e0 4.6e-1 3.216e-4 3.216e-4
-1.8e0 4.6e-1 3.8574e-4 3.8574e-4
-1.76e0 4.6e-1 4.6257e-4 4.6257e-4
-1.72e0 4.6e-1 5.5457e-4 5.5457e-4
-1.68e0 4.6e-1 6.6469e-4 6.6469e-4
-1.64e0 4.6e-1 7.9645e-4 7.9645e-4
-1.6e0 4.6e-1 9.5401e-4 9.5401e-4
-1.56e0 4.6e-1 1.14236e-3 1.14236e-3
-1.52e0 4.6e-1 1.36737e-3 1.36737e-3
-1.48e0 4.6e-1 1.63599e-3 1.63599e-3
-1.44e0 4.6e-1 1.95653e-3 1.95653e-3
-1.4e0 4.6e-1 2.33868e-3 2.33868e-3
-1.36e0 4.6e-1 2.79402e-3 2.79402e-3
-1.32e0 4.6e-1 3.3362e-3 3.3362e-3
-1.28e0 4.6e-1 3.9807e-3 3.9807e-3
-1.24e0 4.6e-1 4.7467e-3 4.7467e-3
-1.2e0 4.6e-1 5.6557e-3 5.6557e-3
-1.16e0 4.6e-1 6.7331e-3 6.7331e-3
-1.12e0 4.6e-1 8.0087e-3 8.0087e-3
-1.08e0 4.6e-1 9.5169e-3 9.5169e-3
-1.04e0 4.6e-1 1.12971e-2 1.12971e-2
-1.0e0 4.6e-1 1.33955e-2 1.33955e-2
-9.6e-1 4.6e-1 1.58566e-2 1.58566e-2
-9.2e-1 4.6e-1 1.87602e-2 1.87602e-2
-8.8e-1 4.6e-1 2.21562e-2 2.21562e-2
-8.4e-1 4.6e-1 2.61238e-2 2.61238e-2
-8.0e-1 4.6e-1 3.0739e-2 3.0739e-2
-7.6e-1 4.6e-1 3.6131e-2 3.6131e-2
-7.2e-1 4.6e-1 4.2393e-2 4.2393e-2
-6.8e-1 4.6e-1 4.9629e-2 4.9629e-2
-6.4e-1 4.6e-1 5.7944e-2 5.7944e-2
-6.0e-1 4.6e-1 6.7566e-2 6.7566e-2
-5.6e-1 4.6e-1 7.8528e-2 7.8528e-2
-5.2e-1 4.6e-1 9.1048e-2 9.1048e-2
-4.8e-1 4.6e-1 1.05255e-1 1.05255e-1
-4.4e-1 4.6e-1 1.21312e-1 1.21312e-1
-4.0e-1 4.6e-1 1.39468e-1 1.39468e-1
-3.6e-1 4.6e-1 1.59764e-1 1.59764e-1
-3.2e-1 4.6e-1 1.824e-1 1.824e-1
-2.8e-1 4.6e-1 2.0755e-1 2.0755e-1
-2.4e-1 4.6e-1 2.3528e-1 2.3528e-1
-2.0e-1 4.6e-1 2.6572e-1 2.6572e-1
-1.6e-1 4.6e-1 2.9898e-1 2.9898e-1
-1.2e-1 4.6e-1 3.3507e-1 3.3507e-1
-8.0e-2 4.6e-1 3.7395e-1 3.7395e-1
-4.0e-2 4.6e-1 4.1568e-1 4.1568e-1
0.0e0 4.6e-1 4.59999e-1 4.59999e-1

-2.0e0 4.8e-1 1.74283e-4 1.74283e-4
-1.96e0 4.8e-1 2.09149e-4 2.09149e-4
-1.92e0 4.8e-1 2.50964e-4 2.50964e-4
-1.88e0 4.8e-1 3.0109e-4 3.0109e-4
-1.84e0 4.8e-1 3.6116e-4 3.6116e-4
-1.8e0 4.8e-1 4.331e-4 4.331e-4
-1.76e0 4.8e-1 5.1927e-4 5.1927e-4
-1.72e0 4.8e-1 6.2238e-4 6.2238e-4
-1.68e0 4.8e-1 7.458e-4 7.458e-4
-1.64e0 4.8e-1 8.9339e-4 8.9339e-4
-1.6e0 4.8e-1 1.0698e-3 1.0698e-3
-1.56e0 4.8e-1 1.28058e-3 1.28058e-3
-1.52e0 4.8e-1 1.53224e-3 1.53224e-3
-1.48e0 4.8e-1 1.83253e-3 1.83253e-3
-1.44e0 4.8e-1 2.19066e-3 2.19066e-3
-1.4e0 4.8e-1 2.61731e-3 2.61731e-3
-1.36e0 4.8e-1 3.12532e-3 3.12532e-3
-1.32e0 4.8e-1 3.7297e-3 3.7297e-3
-1.28e0 4.8e-1 4.4476e-3 4.4476e-3
-1.24e0 4.8e-1 5.2998e-3 5.2998e-3
-1.2e0 4.8e-1 6.3103e-3 6.3103e-3
-1.16e0 4.8e-1 7.5067e-3 7.5067e-3
-1.12e0 4.8e-1 8.9214e-3 8.9214e-3
-1.08e0 4.8e-1 1.05917e-2 1.05917e-2
-1.04e0 4.8e-1 1.25607e-2 1.25607e-2
-1.0e0 4.8e-1 1.48781e-2 1.48781e-2
-9.6e-1 4.8e-1 1.75911e-2 1.75911e-2
-9.2e-1 4.8e-1 2.07866e-2 2.07866e-2
-8.8e-1 4.8e-1 2.45166e-2 2.45166e-2
-8.4e-1 4.8e-1 2.8865e-2 2.8865e-2
-8.0e-1 4.8e-1 3.3913e-2 3.3913e-2
-7.6e-1 4.8e-1 3.9795e-2 3.9795e-2
-7.2e-1 4.8e-1 4.661e-2 4.661e-2
-6.8e-1 4.8e-1 5.4463e-2 5.4463e-2
-6.4e-1 4.8e-1 6.346e-2 6.346e-2
-6.0e-1 4.8e-1 7.3837e-2 7.3837e-2
-5.6e-1 4.8e-1 8.5623e-2 8.5623e-2
-5.2e-1 4.8e-1 9.9037e-2 9.9037e-2
-4.8e-1 4.8e-1 1.14201e-1 1.14201e-1
-4.4e-1 4.8e-1 1.31274e-1 1.31274e-1
-4.0e-1 4.8e-1 1.505e-1 1.505e-1
-3.6e-1 4.8e-1 1.71901e-1 1.71901e-1
-3.2e-1 4.8e-1 1.9566e-1 1.9566e-1
-2.8e-1 4.8e-1 2.2194e-1 2.2194e-1
-2.4e-1 4.8e-1 2.5076e-1 2.5076e-1
-2.0e-1 4.8e-1 2.8227e-1 2.8227e-1
-1.6e-1 4.8e-1 3.165e-1 3.165e-1
-1.2e-1 4.8e-1 3.5347e-1 3.5347e-1
-8.0e-2 4.8e-1 3.9305e-1 3.9305e-1
-4.0e-2 4.8e-1 4.3535e-1 4.3535e-1
0.0e0 4.8e-1 4.79999e-1 4.79999e-1

-2.0e0 5.0e-1 1.96059e-4 1.96059e-4
-1.96e0 5.0e-1 2.3525e-4 2.3525e-4
-1.92e0 5.0e-1 2.82237e-4 2.82237e-4
-1.88e0 5.0e-1 3.38548e-4 3.38548e-4
-1.84e0 5.0e-1 4.0602e-4 4.0602e-4
-1.8e0 5.0e-1 4.868e-4 4.868e-4
-1.76e0 5.0e-1 5.835e-4 5.835e-4
-1.72e0 5.0e-1 6.992e-4 6.992e-4
-1.68e0 5.0e-1 8.3762e-4 8.3762e-4
-1.64e0 5.0e-1 1.00307e-3 1.00307e-3
-1.6e0 5.0e-1 1.20074e-3 1.20074e-3
-1.56e0 5.0e-1 1.43683e-3 1.43683e-3
-1.52e0 5.0e-1 1.71855e-3 1.71855e-3
-1.48e0 5.0e-1 2.05449e-3 2.05449e-3
-1.44e0 5.0e-1 2.45485e-3 2.45485e-3
-1.4e0 5.0e-1 2.9315e-3 2.9315e-3
-1.36e0 5.0e-1 3.49857e-3 3.49857e-3
-1.32e0 5.0e-1 4.1725e-3 4.1725e-3
-1.28e0 5.0e-1 4.9727e-3 4.9727e-3
-1.24e0 5.0e-1 5.9213e-3 5.9213e-3
-1.2e0 5.0e-1 7.0448e-3 7.0448e-3
-1.16e0 5.0e-1 8.3736e-3 8.3736e-3
-1.12e0 5.0e-1 9.9428e-3 9.9428e-3
-1.08e0 5.0e-1 1.17928e-2 1.17928e-2
-1.04e0 5.0e-1 1.39703e-2 1.39703e-2
-1.0e0 5.0e-1 1.6529e-2 1.6529e-2
-9.6e-1 5.0e-1 1.95192e-2 1.95192e-2
-9.2e-1 5.0e-1 2.30344e-2 2.30344e-2
-8.8e-1 5.0e-1 2.71292e-2 2.71292e-2
-8.4e-1 5.0e-1 3.1892e-2 3.1892e-2
-8.0e-1 5.0e-1 3.7408e-2 3.7408e-2
-7.6e-1 5.0e-1 4.3822e-2 4.3822e-2
-7.2e-1 5.0e-1 5.1228e-2 5.1228e-2
-6.8e-1 5.0e-1 5.974e-2 5.974e-2
-6.4e-1 5.0e-1 6.9463e-2 6.9463e-2
-6.0e-1 5.0e-1 8.0641e-2 8.0641e-2
-5.6e-1 5.0e-1 9.329e-2 9.329e-2
-5.2e-1 5.0e-1 1.07635e-1 1.07635e-1
-4.8e-1 5.0e-1 1.2379e-1 1.2379e-1
-4.4e-1 5.0e-1 1.41904e-1 1.41904e-1
-4.0e-1 5.0e-1 1.62216e-1 1.62216e-1
-3.6e-1 5.0e-1 1.84726e-1 1.84726e-1
-3.2e-1 5.0e-1 2.0961e-1 2.0961e-1
-2.8e-1 5.0e-1 2.3698e-1 2.3698e-1
-2.4e-1 5.0e-1 2.6688e-1 2.6688e-1
-2.0e-1 5.0e-1 2.9938e-1 2.9938e-1
-1.6e-1 5.0e-1 3.3452e-1 3.3452e-1
-1.2e-1 5.0e-1 3.7225e-1 3.7225e-1
-8.0e-2 5.0e-1 4.1245e-1 4.1245e-1
-4.0e-2 5.0e-1 4.5515e-1 4.5515e-1
0.0e0 5.0e-1 5.0e-1 5.0e-1

-2.0e0 5.2e-1 2.20883e-4 2.20883e-4
-1.96e0 5.2e-1 2.64992e-4 2.64992e-4
-1.92e0 5.2e-1 3.17867e-4 3.17867e-4
-1.88e0 5.2e-1 3.81215e-4 3.81215e-4
-1.84e0 5.2e-1 4.5708e-4 4.5708e-4
-1.8e0 5.2e-1 5.4791e-4 5.4791e-4
-1.76e0 5.2e-1 6.5659e-4 6.5659e-4
-1.72e0 5.2e-1 7.8658e-4 7.8658e-4
-1.68e0 5.2e-1 9.4202e-4 9.4202e-4
-1.64e0 5.2e-1 1.12772e-3 1.12772e-3
-1.6e0 5.2e-1 1.3495e-3 1.3495e-3
-1.56e0 5.2e-1 1.61421e-3 1.61421e-3
-1.52e0 5.2e-1 1.9299e-3 1.9299e-3
-1.48e0 5.2e-1 2.3061e-3 2.3061e-3
-1.44e0 5.2e-1 2.75412e-3 2.75412e-3
-1.4e0 5.2e-1 3.28711e-3 3.28711e-3
-1.36e0 5.2e-1 3.92067e-3 3.92067e-3
-1.32e0 5.2e-1 4.673e-3 4.673e-3
-1.28e0 5.2e-1 5.5652e-3 5.5652e-3
-1.24e0 5.2e-1 6.6219e-3 6.6219e-3
-1.2e0 5.2e-1 7.8719e-3 7.8719e-3
-1.16e0 5.2e-1 9.3483e-3 9.3483e-3
-1.12e0 5.2e-1 1.10893e-2 1.10893e-2
-1.08e0 5.2e-1 1.31392e-2 1.31392e-2
-1.04e0 5.2e-1 1.55478e-2 1.55478e-2
-1.0e0 5.2e-1 1.83731e-2 1.83731e-2
-9.6e-1 5.2e-1 2.16685e-2 2.16685e-2
-9.2e-1 5.2e-1 2.5535e-2 2.5535e-2
-8.8e-1 5.2e-1 3.00288e-2 3.00288e-2
-8.4e-1 5.2e-1 3.5245e-2 3.5245e-2
-8.0e-1 5.2e-1 4.1269e-2 4.1269e-2
-7.6e-1 5.2e-1 4.8253e-2 4.8253e-2
-7.2e-1 5.2e-1 5.6299e-2 5.6299e-2
-6.8e-1 5.2e-1 6.5515e-2 6.5515e-2
-6.4e-1 5.2e-1 7.6007e-2 7.6007e-2
-6.0e-1 5.2e-1 8.803e-2 8.803e-2
-5.6e-1 5.2e-1 1.01587e-1 1.01587e-1
-5.2e-1 5.2e-1 1.16899e-1 1.16899e-1
-4.8e-1 5.2e-1 1.34076e-1 1.34076e-1
-4.4e-1 5.2e-1 1.53255e-1 1.53255e-1
-4.0e-1 5.2e-1 1.74667e-1 1.74667e-1
-3.6e-1 5.2e-1 1.98286e-1 1.98286e-1
-3.2e-1 5.2e-1 2.2427e-1 2.2427e-1
-2.8e-1 5.2e-1 2.5273e-1 2.5273e-1
-2.4e-1 5.2e-1 2.8363e-1 2.8363e-1
-2.0e-1 5.2e-1 3.1706e-1 3.1706e-1
-1.6e-1 5.2e-1 3.5301e-1 3.5301e-1
-1.2e-1 5.2e-1 3.9142e-1 3.9142e-1
-8.0e-2 5.2e-1 4.3211e-1 4.3211e-1
-4.0e-2 5.2e-1 4.751e-1 4.751e-1
0.0e0 5.2e-1 5.2e-1 5.2e-1

-2.0e0 5.4e-1 2.4931e-4 2.4931e-4
-1.96e0 5.4e-1 2.99046e-4 2.99046e-4
-1.92e0 5.4e-1 3.58649e-4 3.58649e-4
-1.88e0 5.4e-1 4.30037e-4 4.30037e-4
-1.84e0 5.4e-1 5.155e-4 5.155e-4
-1.8e0 5.4e-1 6.1778e-4 6.1778e-4
-1.76e0 5.4e-1 7.4013e-4 7.4013e-4
-1.72e0 5.4e-1 8.864e-4 8.864e-4
-1.68e0 5.4e-1 1.06122e-3 1.06122e-3
-1.64e0 5.4e-1 1.27e-3 1.27e-3
-1.6e0 5.4e-1 1.51917e-3 1.51917e-3
-1.56e0 5.4e-1 1.81642e-3 1.81642e-3
-1.52e0 5.4e-1 2.17067e-3 2.17067e-3
-1.48e0 5.4e-1 2.59254e-3 2.59254e-3
-1.44e0 5.4e-1 3.09454e-3 3.09454e-3
-1.4e0 5.4e-1 3.69125e-3 3.69125e-3
-1.36e0 5.4e-1 4.4e-3 4.4e-3
-1.32e0 5.4e-1 5.2405e-3 5.2405e-3
-1.28e0 5.4e-1 6.2364e-3 6.2364e-3
-1.24e0 5.4e-1 7.4146e-3 7.4146e-3
-1.2e0 5.4e-1 8.8065e-3 8.8065e-3
-1.16e0 5.4e-1 1.04482e-2 1.04482e-2
-1.12e0 5.4e-1 1.23813e-2 1.23813e-2
-1.08e0 5.4e-1 1.46535e-2 1.46535e-2
-1.04e0 5.4e-1 1.73189e-2 1.73189e-2
-1.0e0 5.4e-1 2.04393e-2 2.04393e-2
-9.6e-1 5.4e-1 2.4072e-2 2.4072e-2
-9.2e-1 5.4e-1 2.83246e-2 2.83246e-2
-8.8e-1 5.4e-1 3.32559e-2 3.32559e-2
-8.4e-1 5.4e-1 3.8965e-2 3.8965e-2
-8.0e-1 5.4e-1 4.554e-2 4.554e-2
-7.6e-1 5.4e-1 5.3145e-2 5.3145e-2
-7.2e-1 5.4e-1 6.1874e-2 6.1874e-2
-6.8e-1 5.4e-1 7.1844e-2 7.1844e-2
-6.4e-1 5.4e-1 8.3156e-2 8.3156e-2
-6.0e-1 5.4e-1 9.607e-2 9.607e-2
-5.6e-1 5.4e-1 1.10576e-1 1.10576e-1
-5.2e-1 5.4e-1 1.26897e-1 1.26897e-1
-4.8e-1 5.4e-1 1.45125e-1 1.45125e-1
-4.4e-1 5.4e-1 1.65388e-1 1.65388e-1
-4.0e-1 5.4e-1 1.87912e-1 1.87912e-1
-3.6e-1 5.4e-1 2.1263e-1 2.1263e-1
-3.2e-1 5.4e-1 2.3972e-1 2.3972e-1
-2.8e-1 5.4e-1 2.692e-1 2.692e-1
-2.4e-1 5.4e-1 3.0107e-1 3.0107e-1
-2.0e-1 5.4e-1 3.3536e-1 3.3536e-1
-1.6e-1 5.4e-1 3.7202e-1 3.7202e-1
-1.2e-1 5.4e-1 4.11e-1 4.11e-1
-8.0e-2 5.4e-1 4.5206e-1 4.5206e-1
-4.0e-2 5.4e-1 4.952e-1 4.952e-1
0.0e0 5.4e-1 5.4e-1 5.4e-1

-2.0e0 5.6e-1 2.82031e-4 2.82031e-4
-1.96e0 5.6e-1 3.38232e-4 3.38232e-4
-1.92e0 5.6e-1 4.0556e-4 4.0556e-4
-1.88e0 5.6e-1 4.8618e-4 4.8618e-4
-1.84e0 5.6e-1 5.8267e-4 5.8267e-4
-1.8e0 5.6e-1 6.9809e-4 6.9809e-4
-1.76e0 5.6e-1 8.3609e-4 8.3609e-4
-1.72e0 5.6e-1 1.001e-3 1.001e-3
-1.68e0 5.6e-1 1.19801e-3 1.19801e-3
-1.64e0 5.6e-1 1.43317e-3 1.43317e-3
-1.6e0 5.6e-1 1.71364e-3 1.71364e-3
-1.56e0 5.6e-1 2.048e-3 2.048e-3
-1.52e0 5.6e-1 2.44624e-3 2.44624e-3
-1.48e0 5.6e-1 2.9201e-3 2.9201e-3
-1.44e0 5.6e-1 3.48352e-3 3.48352e-3
-1.4e0 5.6e-1 4.1526e-3 4.1526e-3
-1.36e0 5.6e-1 4.9464e-3 4.9464e-3
-1.32e0 5.6e-1 5.8871e-3 5.8871e-3
-1.28e0 5.6e-1 7.0001e-3 7.0001e-3
-1.24e0 5.6e-1 8.3153e-3 8.3153e-3
-1.2e0 5.6e-1 9.8668e-3 9.8668e-3
-1.16e0 5.6e-1 1.16942e-2 1.16942e-2
-1.12e0 5.6e-1 1.38425e-2 1.38425e-2
-1.08e0 5.6e-1 1.6363e-2 1.6363e-2
-1.04e0 5.6e-1 1.93146e-2 1.93146e-2
-1.0e0 5.6e-1 2.27628e-2 2.27628e-2
-9.6e-1 5.6e-1 2.67683e-2 2.67683e-2
-9.2e-1 5.6e-1 3.14465e-2 3.14465e-2
-8.8e-1 5.6e-1 3.68579e-2 3.68579e-2
-8.4e-1 5.6e-1 4.3106e-2 4.3106e-2
-8.0e-1 5.6e-1 5.0282e-2 5.0282e-2
-7.6e-1 5.6e-1 5.8554e-2 5.8554e-2
-7.2e-1 5.6e-1 6.8024e-2 6.8024e-2
-6.8e-1 5.6e-1 7.8798e-2 7.8798e-2
-6.4e-1 5.6e-1 9.0979e-2 9.0979e-2
-6.0e-1 5.6e-1 1.04832e-1 1.04832e-1
-5.6e-1 5.6e-1 1.20331e-1 1.20331e-1
-5.2e-1 5.6e-1 1.37695e-1 1.37695e-1
-4.8e-1 5.6e-1 1.57005e-1 1.57005e-1
-4.4e-1 5.6e-1 1.78374e-1 1.78374e-1
-4.0e-1 5.6e-1 2.02011e-1 2.02011e-1
-3.6e-1 5.6e-1 2.2783e-1 2.2783e-1
-3.2e-1 5.6e-1 2.5597e-1 2.5597e-1
-2.8e-1 5.6e-1 2.8644e-1 2.8644e-1
-2.4e-1 5.6e-1 3.1921e-1 3.1921e-1
-2.0e-1 5.6e-1 3.5428e-1 3.5428e-1
-1.6e-1 5.6e-1 3.9157e-1 3.9157e-1
-1.2e-1 5.6e-1 4.3098e-1 4.3098e-1
-8.0e-2 5.6e-1 4.7229e-1 4.7229e-1
-4.0e-2 5.6e-1 5.1543e-1 5.1543e-1
0.0e0 5.6e-1 5.59999e-1 5.59999e-1

-2.0e0 5.8e-1 3.199e-4 3.199e-4
-1.96e0 5.8e-1 3.83571e-4 3.83571e-4
-1.92e0 5.8e-1 4.59824e-4 4.59824e-4
-1.88e0 5.8e-1 5.5109e-4 5.5109e-4
-1.84e0 5.8e-1 6.603e-4 6.603e-4
-1.8e0 5.8e-1 7.9086e-4 7.9086e-4
-1.76e0 5.8e-1 9.469e-4 9.469e-4
-1.72e0 5.8e-1 1.13329e-3 1.13329e-3
-1.68e0 5.8e-1 1.3558e-3 1.3558e-3
-1.64e0 5.8e-1 1.62126e-3 1.62126e-3
-1.6e0 5.8e-1 1.93767e-3 1.93767e-3
-1.56e0 5.8e-1 2.31464e-3 2.31464e-3
-1.52e0 5.8e-1 2.76323e-3 2.76323e-3
-1.48e0 5.8e-1 3.29657e-3 3.29657e-3
-1.44e0 5.8e-1 3.93015e-3 3.93015e-3
-1.4e0 5.8e-1 4.6818e-3 4.6818e-3
-1.36e0 5.8e-1 5.5727e-3 5.5727e-3
-1.32e0 5.8e-1 6.627e-3 6.627e-3
-1.28e0 5.8e-1 7.873e-3 7.873e-3
-1.24e0 5.8e-1 9.3431e-3 9.3431e-3
-1.2e0 5.8e-1 1.10751e-2 1.10751e-2
-1.16e0 5.8e-1 1.31117e-2 1.31117e-2
-1.12e0 5.8e-1 1.55019e-2 1.55019e-2
-1.08e0 5.8e-1 1.8301e-2 1.8301e-2
-1.04e0 5.8e-1 2.15715e-2 2.15715e-2
-1.0e0 5.8e-1 2.53847e-2 2.53847e-2
-9.6e-1 5.8e-1 2.98038e-2 2.98038e-2
-9.2e-1 5.8e-1 3.4952e-2 3.4952e-2
-8.8e-1 5.8e-1 4.0892e-2 4.0892e-2
-8.4e-1 5.8e-1 4.7728e-2 4.7728e-2
-8.0e-1 5.8e-1 5.5559e-2 5.5559e-2
-7.6e-1 5.8e-1 6.4555e-2 6.4555e-2
-7.2e-1 5.8e-1 7.4818e-2 7.4818e-2
-6.8e-1 5.8e-1 8.6453e-2 8.6453e-2
-6.4e-1 5.8e-1 9.9557e-2 9.9557e-2
-6.0e-1 5.8e-1 1.14401e-1 1.14401e-1
-5.6e-1 5.8e-1 1.30937e-1 1.30937e-1
-5.2e-1 5.8e-1 1.4938e-1 1.4938e-1
-4.8e-1 5.8e-1 1.69798e-1 1.69798e-1
-4.4e-1 5.8e-1 1.92284e-1 1.92284e-1
-4.0e-1 5.8e-1 2.17033e-1 2.17033e-1
-3.6e-1 5.8e-1 2.4393e-1 2.4393e-1
-3.2e-1 5.8e-1 2.7309e-1 2.7309e-1
-2.8e-1 5.8e-1 3.045e-1 3.045e-1
-2.4e-1 5.8e-1 3.381e-1 3.381e-1
-2.0e-1 5.8e-1 3.7384e-1 3.7384e-1
-1.6e-1 5.8e-1 4.1167e-1 4.1167e-1
-1.2e-1 5.8e-1 4.514e-1 4.514e-1
-8.0e-2 5.8e-1 4.928e-1 4.928e-1
-4.0e-2 5.8e-1 5.3581e-1 5.3581e-1
0.0e0 5.8e-1 5.79999e-1 5.79999e-1

-2.0e0 6.0e-1 3.63997e-4 3.63997e-4
-1.96e0 6.0e-1 4.36346e-4 4.36346e-4
-1.92e0 6.0e-1 5.22961e-4 5.22961e-4
-1.88e0 6.0e-1 6.2659e-4 6.2659e-4
-1.84e0 6.0e-1 7.5053e-4 7.5053e-4
-1.8e0 6.0e-1 8.9867e-4 8.9867e-4
-1.76e0 6.0e-1 1.0756e-3 1.0756e-3
-1.72e0 6.0e-1 1.28683e-3 1.28683e-3
-1.68e0 6.0e-1 1.53888e-3 1.53888e-3
-1.64e0 6.0e-1 1.83932e-3 1.83932e-3
-1.6e0 6.0e-1 2.19724e-3 2.19724e-3
-1.56e0 6.0e-1 2.62328e-3 2.62328e-3
-1.52e0 6.0e-1 3.12987e-3 3.12987e-3
-1.48e0 6.0e-1 3.73161e-3 3.73161e-3
-1.44e0 6.0e-1 4.44572e-3 4.44572e-3
-1.4e0 6.0e-1 5.29202e-3 5.29202e-3
-1.36e0 6.0e-1 6.2938e-3 6.2938e-3
-1.32e0 6.0e-1 7.4782e-3 7.4782e-3
-1.28e0 6.0e-1 8.8756e-3 8.8756e-3
-1.24e0 6.0e-1 1.05222e-2 1.05222e-2
-1.2e0 6.0e-1 1.24586e-2 1.24586e-2
-1.16e0 6.0e-1 1.47318e-2 1.47318e-2
-1.12e0 6.0e-1 1.73946e-2 1.73946e-2
-1.08e0 6.0e-1 2.05066e-2 2.05066e-2
-1.04e0 6.0e-1 2.4135e-2 2.4135e-2
-1.0e0 6.0e-1 2.83553e-2 2.83553e-2
-9.6e-1 6.0e-1 3.32341e-2 3.32341e-2
-9.2e-1 6.0e-1 3.89026e-2 3.89026e-2
-8.8e-1 6.0e-1 4.5424e-2 4.5424e-2
-8.4e-1 6.0e-1 5.2907e-2 5.2907e-2
-8.0e-1 6.0e-1 6.1449e-2 6.1449e-2
-7.6e-1 6.0e-1 7.1231e-2 7.1231e-2
-7.2e-1 6.0e-1 8.2347e-2 8.2347e-2
-6.8e-1 6.0e-1 9.4902e-2 9.4902e-2
-6.4e-1 6.0e-1 1.08986e-1 1.08986e-1
-6.0e-1 6.0e-1 1.24869e-1 1.24869e-1
-5.6e-1 6.0e-1 1.42485e-1 1.42485e-1
-5.2e-1 6.0e-1 1.62045e-1 1.62045e-1
-4.8e-1 6.0e-1 1.83589e-1 1.83589e-1
-4.4e-1 6.0e-1 2.072e-1 2.072e-1
-4.0e-1 6.0e-1 2.33057e-1 2.33057e-1
-3.6e-1 6.0e-1 2.61e-1 2.61e-1
-3.2e-1 6.0e-1 2.9114e-1 2.9114e-1
-2.8e-1 6.0e-1 3.2344e-1 3.2344e-1
-2.4e-1 6.0e-1 3.5777e-1 3.5777e-1
-2.0e-1 6.0e-1 3.941e-1 3.941e-1
-1.6e-1 6.0e-1 4.3233e-1 4.3233e-1
-1.2e-1 6.0e-1 4.7224e-1 4.7224e-1
-8.0e-2 6.0e-1 5.1361e-1 5.1361e-1
-4.0e-2 6.0e-1 5.5635e-1 5.5635e-1
0.0e0 6.0e-1 6.0e-1 6.0e-1

-2.0e0 6.2e-1 4.15688e-4 4.15688e-4
-1.96e0 6.2e-1 4.98187e-4 4.98187e-4
-1.92e0 6.2e-1 5.9692e-4 5.9692e-4
-1.88e0 6.2e-1 7.15e-4 7.15e-4
-1.84e0 6.2e-1 8.5616e-4 8.5616e-4
-1.8e0 6.2e-1 1.02477e-3 1.02477e-3
-1.76e0 6.2e-1 1.22606e-3 1.22606e-3
-1.72e0 6.2e-1 1.46622e-3 1.46622e-3
-1.68e0 6.2e-1 1.75261e-3 1.75261e-3
-1.64e0 6.2e-1 2.09377e-3 2.09377e-3
-1.6e0 6.2e-1 2.49982e-3 2.49982e-3
-1.56e0 6.2e-1 2.98277e-3 2.98277e-3
-1.52e0 6.2e-1 3.5565e-3 3.5565e-3
-1.48e0 6.2e-1 4.23734e-3 4.23734e-3
-1.44e0 6.2e-1 5.0444e-3 5.0444e-3
-1.4e0 6.2e-1 5.99974e-3 5.99974e-3
-1.36e0 6.2e-1 7.129e-3 7.129e-3
-1.32e0 6.2e-1 8.4624e-3 8.4624e-3
-1.28e0 6.2e-1 1.00336e-2 1.00336e-2
-1.24e0 6.2e-1 1.18813e-2 1.18813e-2
-1.2e0 6.2e-1 1.40509e-2 1.40509e-2
-1.16e0 6.2e-1 1.65926e-2 1.65926e-2
-1.12e0 6.2e-1 1.95638e-2 1.95638e-2
-1.08e0 6.2e-1 2.3029e-2 2.3029e-2
-1.04e0 6.2e-1 2.70596e-2 2.70596e-2
-1.0e0 6.2e-1 3.17355e-2 3.17355e-2
-9.6e-1 6.2e-1 3.71265e-2 3.71265e-2
-9.2e-1 6.2e-1 4.33717e-2 4.33717e-2
-8.8e-1 6.2e-1 5.0533e-2 5.0533e-2
-8.4e-1 6.2e-1 5.8727e-2 5.8727e-2
-8.0e-1 6.2e-1 6.8045e-2 6.8045e-2
-7.6e-1 6.2e-1 7.8677e-2 7.8677e-2
-7.2e-1 6.2e-1 9.0714e-2 9.0714e-2
-6.8e-1 6.2e-1 1.0425e-1 1.0425e-1
-6.4e-1 6.2e-1 1.1937e-1 1.1937e-1
-6.0e-1 6.2e-1 1.36345e-1 1.36345e-1
-5.6e-1 6.2e-1 1.55084e-1 1.55084e-1
-5.2e-1 6.2e-1 1.75787e-1 1.75787e-1
-4.8e-1 6.2e-1 1.9848e-1 1.9848e-1
-4.4e-1 6.2e-1 2.23218e-1 2.23218e-1
-4.0e-1 6.2e-1 2.50162e-1 2.50162e-1
-3.6e-1 6.2e-1 2.7913e-1 2.7913e-1
-3.2e-1 6.2e-1 3.1018e-1 3.1018e-1
-2.8e-1 6.2e-1 3.4328e-1 3.4328e-1
-2.4e-1 6.2e-1 3.7827e-1 3.7827e-1
-2.0e-1 6.2e-1 4.1507e-1 4.1507e-1
-1.6e-1 6.2e-1 4.5357e-1 4.5357e-1
-1.2e-1 6.2e-1 4.9355e-1 4.9355e-1
-8.0e-2 6.2e-1 5.3473e-1 5.3473e-1
-4.0e-2 6.2e-1 5.7703e-1 5.7703e-1
0.0e0 6.2e-1 6.2e-1 6.2e-1

-2.0e0 6.4e-1 4.76726e-4 4.76726e-4
-1.96e0 6.4e-1 5.71184e-4 5.71184e-4
-1.92e0 6.4e-1 6.84178e-4 6.84178e-4
-1.88e0 6.4e-1 8.1924e-4 8.1924e-4
-1.84e0 6.4e-1 9.8064e-4 9.8064e-4
-1.8e0 6.4e-1 1.17331e-3 1.17331e-3
-1.76e0 6.4e-1 1.4032e-3 1.4032e-3
-1.72e0 6.4e-1 1.67728e-3 1.67728e-3
-1.68e0 6.4e-1 2.00389e-3 2.00389e-3
-1.64e0 6.4e-1 2.39264e-3 2.39264e-3
-1.6e0 6.4e-1 2.85497e-3 2.85497e-3
-1.56e0 6.4e-1 3.40431e-3 3.40431e-3
-1.52e0 6.4e-1 4.05627e-3 4.05627e-3
-1.48e0 6.4e-1 4.82906e-3 4.82906e-3
-1.44e0 6.4e-1 5.74405e-3 5.74405e-3
-1.4e0 6.4e-1 6.8257e-3 6.8257e-3
-1.36e0 6.4e-1 8.1027e-3 8.1027e-3
-1.32e0 6.4e-1 9.6078e-3 9.6078e-3
-1.28e0 6.4e-1 1.13785e-2 1.13785e-2
-1.24e0 6.4e-1 1.34573e-2 1.34573e-2
-1.2e0 6.4e-1 1.58936e-2 1.58936e-2
-1.16e0 6.4e-1 1.87416e-2 1.87416e-2
-1.12e0 6.4e-1 2.20636e-2 2.20636e-2
-1.08e0 6.4e-1 2.59283e-2 2.59283e-2
-1.04e0 6.4e-1 3.04121e-2 3.04121e-2
-1.0e0 6.4e-1 3.55998e-2 3.55998e-2
-9.6e-1 6.4e-1 4.1563e-2 4.1563e-2
-9.2e-1 6.4e-1 4.84494e-2 4.84494e-2
-8.8e-1 6.4e-1 5.632e-2 5.632e-2
-8.4e-1 6.4e-1 6.5292e-2 6.5292e-2
-8.0e-1 6.4e-1 7.5458e-2 7.5458e-2
-7.6e-1 6.4e-1 8.7012e-2 8.7012e-2
-7.2e-1 6.4e-1 1.00037e-1 1.00037e-1
-6.8e-1 6.4e-1 1.1462e-1 1.1462e-1
-6.4e-1 6.4e-1 1.30835e-1 1.30835e-1
-6.0e-1 6.4e-1 1.48953e-1 1.48953e-1
-5.6e-1 6.4e-1 1.68854e-1 1.68854e-1
-5.2e-1 6.4e-1 1.90729e-1 1.90729e-1
-4.8e-1 6.4e-1 2.14578e-1 2.14578e-1
-4.4e-1 6.4e-1 2.40434e-1 2.40434e-1
-4.0e-1 6.4e-1 2.6843e-1 2.6843e-1
-3.6e-1 6.4e-1 2.9839e-1 2.9839e-1
-3.2e-1 6.4e-1 3.3028e-1 3.3028e-1
-2.8e-1 6.4e-1 3.6409e-1 3.6409e-1
-2.4e-1 6.4e-1 3.9963e-1 3.9963e-1
-2.0e-1 6.4e-1 4.3678e-1 4.3678e-1
-1.6e-1 6.4e-1 4.754e-1 4.754e-1
-1.2e-1 6.4e-1 5.1529e-1 5.1529e-1
-8.0e-2 6.4e-1 5.5615e-1 5.5615e-1
-4.0e-2 6.4e-1 5.9785e-1 5.9785e-1
0.0e0 6.4e-1 6.4e-1 6.4e-1

-2.0e0 6.6e-1 5.49397e-4 5.49397e-4
-1.96e0 6.6e-1 6.58057e-4 6.58057e-4
-1.92e0 6.6e-1 7.87975e-4 7.87975e-4
-1.88e0 6.6e-1 9.432e-4 9.432e-4
-1.84e0 6.6e-1 1.12856e-3 1.12856e-3
-1.8e0 6.6e-1 1.34972e-3 1.34972e-3
-1.76e0 6.6e-1 1.6134e-3 1.6134e-3
-1.72e0 6.6e-1 1.92755e-3 1.92755e-3
-1.68e0 6.6e-1 2.3016e-3 2.3016e-3
-1.64e0 6.6e-1 2.74644e-3 2.74644e-3
-1.6e0 6.6e-1 3.27496e-3 3.27496e-3
-1.56e0 6.6e-1 3.90231e-3 3.90231e-3
-1.52e0 6.6e-1 4.64601e-3 4.64601e-3
-1.48e0 6.6e-1 5.52644e-3 5.52644e-3
-1.44e0 6.6e-1 6.56754e-3 6.56754e-3
-1.4e0 6.6e-1 7.7965e-3 7.7965e-3
-1.36e0 6.6e-1 9.2451e-3 9.2451e-3
-1.32e0 6.6e-1 1.09496e-2 1.09496e-2
-1.28e0 6.6e-1 1.29512e-2 1.29512e-2
-1.24e0 6.6e-1 1.52965e-2 1.52965e-2
-1.2e0 6.6e-1 1.80392e-2 1.80392e-2
-1.16e0 6.6e-1 2.12383e-2 2.12383e-2
-1.12e0 6.6e-1 2.49603e-2 2.49603e-2
-1.08e0 6.6e-1 2.92796e-2 2.92796e-2
-1.04e0 6.6e-1 3.42763e-2 3.42763e-2
-1.0e0 6.6e-1 4.00397e-2 4.00397e-2
-9.6e-1 6.6e-1 4.66438e-2 4.66438e-2
-9.2e-1 6.6e-1 5.42442e-2 5.42442e-2
-8.8e-1 6.6e-1 6.2901e-2 6.2901e-2
-8.4e-1 6.6e-1 7.2728e-2 7.2728e-2
-8.0e-1 6.6e-1 8.3821e-2 8.3821e-2
-7.6e-1 6.6e-1 9.6371e-2 9.6371e-2
-7.2e-1 6.6e-1 1.10458e-1 1.10458e-1
-6.8e-1 6.6e-1 1.26157e-1 1.26157e-1
-6.4e-1 6.6e-1 1.43527e-1 1.43527e-1
-6.0e-1 6.6e-1 1.62837e-1 1.62837e-1
-5.6e-1 6.6e-1 1.83937e-1 1.83937e-1
-5.2e-1 6.6e-1 2.07e-1 2.07e-1
-4.8e-1 6.6e-1 2.32008e-1 2.32008e-1
-4.4e-1 6.6e-1 2.58966e-1 2.58966e-1
-4.0e-1 6.6e-1 2.88e-1 2.88e-1
-3.6e-1 6.6e-1 3.1885e-1 3.1885e-1
-3.2e-1 6.6e-1 3.5152e-1 3.5152e-1
-2.8e-1 6.6e-1 3.8594e-1 3.8594e-1
-2.4e-1 6.6e-1 4.2189e-1 4.2189e-1
-2.0e-1 6.6e-1 4.5926e-1 4.5926e-1
-1.6e-1 6.6e-1 4.9788e-1 4.9788e-1
-1.2e-1 6.6e-1 5.3752e-1 5.3752e-1
-8.0e-2 6.6e-1 5.7787e-1 5.7787e-1
-4.0e-2 6.6e-1 6.1885e-1 6.1885e-1
0.0e0 6.6e-1 6.59999e-1 6.59999e-1

-2.0e0 6.8e-1 6.36714e-4 6.36714e-4
-1.96e0 6.8e-1 7.62383e-4 7.62383e-4
-1.92e0 6.8e-1 9.12561e-4 9.12561e-4
-1.88e0 6.8e-1 1.09189e-3 1.09189e-3
-1.84e0 6.8e-1 1.3059e-3 1.3059e-3
-1.8e0 6.8e-1 1.56104e-3 1.56104e-3
-1.76e0 6.8e-1 1.86502e-3 1.86502e-3
-1.72e0 6.8e-1 2.22691e-3 2.22691e-3
-1.68e0 6.8e-1 2.6574e-3 2.6574e-3
-1.64e0 6.8e-1 3.16882e-3 3.16882e-3
-1.6e0 6.8e-1 3.77583e-3 3.77583e-3
-1.56e0 6.8e-1 4.49554e-3 4.49554e-3
-1.52e0 6.8e-1 5.34763e-3 5.34763e-3
-1.48e0 6.8e-1 6.35501e-3 6.35501e-3
-1.44e0 6.8e-1 7.54443e-3 7.54443e-3
-1.4e0 6.8e-1 8.9462e-3 8.9462e-3
-1.36e0 6.8e-1 1.05959e-2 1.05959e-2
-1.32e0 6.8e-1 1.25331e-2 1.25331e-2
-1.28e0 6.8e-1 1.48035e-2 1.48035e-2
-1.24e0 6.8e-1 1.74577e-2 1.74577e-2
-1.2e0 6.8e-1 2.05547e-2 2.05547e-2
-1.16e0 6.8e-1 2.41579e-2 2.41579e-2
-1.12e0 6.8e-1 2.83388e-2 2.83388e-2
-1.08e0 6.8e-1 3.31763e-2 3.31763e-2
-1.04e0 6.8e-1 3.87553e-2 3.87553e-2
-1.0e0 6.8e-1 4.51694e-2 4.51694e-2
-9.6e-1 6.8e-1 5.24931e-2 5.24931e-2
-9.2e-1 6.8e-1 6.08907e-2 6.08907e-2
-8.8e-1 6.8e-1 7.0416e-2 7.0416e-2
-8.4e-1 6.8e-1 8.1187e-2 8.1187e-2
-8.0e-1 6.8e-1 9.329e-2 9.329e-2
-7.6e-1 6.8e-1 1.06924e-1 1.06924e-1
-7.2e-1 6.8e-1 1.2215e-1 1.2215e-1
-6.8e-1 6.8e-1 1.39034e-1 1.39034e-1
-6.4e-1 6.8e-1 1.57617e-1 1.57617e-1
-6.0e-1 6.8e-1 1.78165e-1 1.78165e-1
-5.6e-1 6.8e-1 2.0049e-1 2.0049e-1
-5.2e-1 6.8e-1 2.24757e-1 2.24757e-1
-4.8e-1 6.8e-1 2.50912e-1 2.50912e-1
-4.4e-1 6.8e-1 2.78938e-1 2.78938e-1
-4.0e-1 6.8e-1 3.0893e-1 3.0893e-1
-3.6e-1 6.8e-1 3.4062e-1 3.4062e-1
-3.2e-1 6.8e-1 3.7396e-1 3.7396e-1
-2.8e-1 6.8e-1 4.0887e-1 4.0887e-1
-2.4e-1 6.8e-1 4.4511e-1 4.4511e-1
-2.0e-1 6.8e-1 4.8254e-1 4.8254e-1
-1.6e-1 6.8e-1 5.21e-1 5.21e-1
-1.2e-1 6.8e-1 5.6021e-1 5.6021e-1
-8.0e-2 6.8e-1 5.9991e-1 5.9991e-1
-4.0e-2 6.8e-1 6.3998e-1 6.3998e-1
0.0e0 6.8e-1 6.79999e-1 6.79999e-1

-2.0e0 7.0e-1 7.427e-4 7.427e-4
-1.96e0 7.0e-1 8.8896e-4 8.8896e-4
-1.92e0 7.0e-1 1.0637e-3 1.0637e-3
-1.88e0 7.0e-1 1.2721e-3 1.2721e-3
-1.84e0 7.0e-1 1.5207e-3 1.5207e-3
-1.8e0 7.0e-1 1.8167e-3 1.8167e-3
-1.76e0 7.0e-1 2.1692e-3 2.1692e-3
-1.72e0 7.0e-1 2.5885e-3 2.5885e-3
-1.68e0 7.0e-1 3.0867e-3 3.0867e-3
-1.64e0 7.0e-1 3.6778e-3 3.6778e-3
-1.6e0 7.0e-1 4.3788e-3 4.3788e-3
-1.56e0 7.0e-1 5.20872e-3 5.20872e-3
-1.52e0 7.0e-1 6.18994e-3 6.18994e-3
-1.48e0 7.0e-1 7.34824e-3 7.34824e-3
-1.44e0 7.0e-1 8.71356e-3 8.71356e-3
-1.4e0 7.0e-1 1.03197e-2 1.03197e-2
-1.36e0 7.0e-1 1.22061e-2 1.22061e-2
-1.32e0 7.0e-1 1.44171e-2 1.44171e-2
-1.28e0 7.0e-1 1.70023e-2 1.70023e-2
-1.24e0 7.0e-1 2.00174e-2 2.00174e-2
-1.2e0 7.0e-1 2.35258e-2 2.35258e-2
-1.16e0 7.0e-1 2.75966e-2 2.75966e-2
-1.12e0 7.0e-1 3.23062e-2 3.23062e-2
-1.08e0 7.0e-1 3.77377e-2 3.77377e-2
-1.04e0 7.0e-1 4.39807e-2 4.39807e-2
-1.0e0 7.0e-1 5.11322e-2 5.11322e-2
-9.6e-1 7.0e-1 5.92664e-2 5.92664e-2
-9.2e-1 7.0e-1 6.8555e-2 6.8555e-2
-8.8e-1 7.0e-1 7.9047e-2 7.9047e-2
-8.4e-1 7.0e-1 9.0855e-2 9.0855e-2
-8.0e-1 7.0e-1 1.04063e-1 1.04063e-1
-7.6e-1 7.0e-1 1.18864e-1 1.18864e-1
-7.2e-1 7.0e-1 1.35312e-1 1.35312e-1
-6.8e-1 7.0e-1 1.5345e-1 1.5345e-1
-6.4e-1 7.0e-1 1.73305e-1 1.73305e-1
-6.0e-1 7.0e-1 1.9513e-1 1.9513e-1
-5.6e-1 7.0e-1 2.18703e-1 2.18703e-1
-5.2e-1 7.0e-1 2.4417e-1 2.4417e-1
-4.8e-1 7.0e-1 2.71448e-1 2.71448e-1
-4.4e-1 7.0e-1 3.00496e-1 3.00496e-1
-4.0e-1 7.0e-1 3.3139e-1 3.3139e-1
-3.6e-1 7.0e-1 3.638e-1 3.638e-1
-3.2e-1 7.0e-1 3.977e-1 3.977e-1
-2.8e-1 7.0e-1 4.3297e-1 4.3297e-1
-2.4e-1 7.0e-1 4.6933e-1 4.6933e-1
-2.0e-1 7.0e-1 5.0667e-1 5.0667e-1
-1.6e-1 7.0e-1 5.4477e-1 5.4477e-1
-1.2e-1 7.0e-1 5.834e-1 5.834e-1
-8.0e-2 7.0e-1 6.2227e-1 6.2227e-1
-4.0e-2 7.0e-1 6.6127e-1 6.6127e-1
0.0e0 7.0e-1 7.0e-1 7.0e-1

-2.0e0 7.2e-1 8.729e-4 8.729e-4
-1.96e0 7.2e-1 1.04433e-3 1.04433e-3
-1.92e0 7.2e-1 1.249e-3 1.249e-3
-1.88e0 7.2e-1 1.4929e-3 1.4929e-3
-1.84e0 7.2e-1 1.7836e-3 1.7836e-3
-1.8e0 7.2e-1 2.1295e-3 2.1295e-3
-1.76e0 7.2e-1 2.541e-3 2.541e-3
-1.72e0 7.2e-1 3.03e-3 3.03e-3
-1.68e0 7.2e-1 3.6102e-3 3.6102e-3
-1.64e0 7.2e-1 4.2981e-3 4.2981e-3
-1.6e0 7.2e-1 5.1123e-3 5.1123e-3
-1.56e0 7.2e-1 6.0751e-3 6.0751e-3
-1.52e0 7.2e-1 7.2116e-3 7.2116e-3
-1.48e0 7.2e-1 8.5509e-3 8.5509e-3
-1.44e0 7.2e-1 1.01265e-2 1.01265e-2
-1.4e0 7.2e-1 1.1977e-2 1.1977e-2
-1.36e0 7.2e-1 1.4145e-2 1.4145e-2
-1.32e0 7.2e-1 1.668e-2 1.668e-2
-1.28e0 7.2e-1 1.9636e-2 1.9636e-2
-1.24e0 7.2e-1 2.3075e-2 2.3075e-2
-1.2e0 7.2e-1 2.7065e-2 2.7065e-2
-1.16e0 7.2e-1 3.168e-2 3.168e-2
-1.12e0 7.2e-1 3.70016e-2 3.70016e-2
-1.08e0 7.2e-1 4.3117e-2 4.3117e-2
-1.04e0 7.2e-1 5.01198e-2 5.01198e-2
-1.0e0 7.2e-1 5.81094e-2 5.81094e-2
-9.6e-1 7.2e-1 6.71587e-2 6.71587e-2
-9.2e-1 7.2e-1 7.7444e-2 7.7444e-2
-8.8e-1 7.2e-1 8.901e-2 8.901e-2
-8.4e-1 7.2e-1 1.01962e-1 1.01962e-1
-8.0e-1 7.2e-1 1.16376e-1 1.16376e-1
-7.6e-1 7.2e-1 1.32442e-1 1.32442e-1
-7.2e-1 7.2e-1 1.50189e-1 1.50189e-1
-6.8e-1 7.2e-1 1.6965e-1 1.6965e-1
-6.4e-1 7.2e-1 1.90825e-1 1.90825e-1
-6.0e-1 7.2e-1 2.13959e-1 2.13959e-1
-5.6e-1 7.2e-1 2.38788e-1 2.38788e-1
-5.2e-1 7.2e-1 2.65437e-1 2.65437e-1
-4.8e-1 7.2e-1 2.93797e-1 2.93797e-1
-4.4e-1 7.2e-1 3.23796e-1 3.23796e-1
-4.0e-1 7.2e-1 3.5548e-1 3.5548e-1
-3.6e-1 7.2e-1 3.8852e-1 3.8852e-1
-3.2e-1 7.2e-1 4.2284e-1 4.2284e-1
-2.8e-1 7.2e-1 4.583e-1 4.583e-1
-2.4e-1 7.2e-1 4.9461e-1 4.9461e-1
-2.0e-1 7.2e-1 5.3168e-1 5.3168e-1
-1.6e-1 7.2e-1 5.6924e-1 5.6924e-1
-1.2e-1 7.2e-1 6.071e-1 6.071e-1
-8.0e-2 7.2e-1 6.4496e-1 6.4496e-1
-4.0e-2 7.2e-1 6.8271e-1 6.8271e-1
0.0e0 7.2e-1 7.2e-1 7.2e-1

-2.0e0 7.4e-1 1.03493e-3 1.03493e-3
-1.96e0 7.4e-1 1.23755e-3 1.23755e-3
-1.92e0 7.4e-1 1.4792e-3 1.4792e-3
-1.88e0 7.4e-1 1.7671e-3 1.7671e-3
-1.84e0 7.4e-1 2.1098e-3 2.1098e-3
-1.8e0 7.4e-1 2.5174e-3 2.5174e-3
-1.76e0 7.4e-1 3.0014e-3 3.0014e-3
-1.72e0 7.4e-1 3.5759e-3 3.5759e-3
-1.68e0 7.4e-1 4.2569e-3 4.2569e-3
-1.64e0 7.4e-1 5.0629e-3 5.0629e-3
-1.6e0 7.4e-1 6.0156e-3 6.0156e-3
-1.56e0 7.4e-1 7.1402e-3 7.1402e-3
-1.52e0 7.4e-1 8.4653e-3 8.4653e-3
-1.48e0 7.4e-1 1.00237e-2 1.00237e-2
-1.44e0 7.4e-1 1.18533e-2 1.18533e-2
-1.4e0 7.4e-1 1.3997e-2 1.3997e-2
-1.36e0 7.4e-1 1.6502e-2 1.6502e-2
-1.32e0 7.4e-1 1.9424e-2 1.9424e-2
-1.28e0 7.4e-1 2.2823e-2 2.2823e-2
-1.24e0 7.4e-1 2.6762e-2 2.6762e-2
-1.2e0 7.4e-1 3.132e-2 3.132e-2
-1.16e0 7.4e-1 3.6572e-2 3.6572e-2
-1.12e0 7.4e-1 4.2606e-2 4.2606e-2
-1.08e0 7.4e-1 4.95131e-2 4.95131e-2
-1.04e0 7.4e-1 5.73888e-2 5.73888e-2
-1.0e0 7.4e-1 6.63344e-2 6.63344e-2
-9.6e-1 7.4e-1 7.64188e-2 7.64188e-2
-9.2e-1 7.4e-1 8.7827e-2 8.7827e-2
-8.8e-1 7.4e-1 1.00583e-1 1.00583e-1
-8.4e-1 7.4e-1 1.14796e-1 1.14796e-1
-8.0e-1 7.4e-1 1.30519e-1 1.30519e-1
-7.6e-1 7.4e-1 1.47943e-1 1.47943e-1
-7.2e-1 7.4e-1 1.67078e-1 1.67078e-1
-6.8e-1 7.4e-1 1.87924e-1 1.87924e-1
-6.4e-1 7.4e-1 2.10461e-1 2.10461e-1
-6.0e-1 7.4e-1 2.3492e-1 2.3492e-1
-5.6e-1 7.4e-1 2.60992e-1 2.60992e-1
-5.2e-1 7.4e-1 2.8879e-1 2.8879e-1
-4.8e-1 7.4e-1 3.18164e-1 3.18164e-1
-4.4e-1 7.4e-1 3.49022e-1 3.49022e-1
-4.0e-1 7.4e-1 3.814e-1 3.814e-1
-3.6e-1 7.4e-1 4.149e-1 4.149e-1
-3.2e-1 7.4e-1 4.4946e-1 4.4946e-1
-2.8e-1 7.4e-1 4.8492e-1 4.8492e-1
-2.4e-1 7.4e-1 5.2103e-1 5.2103e-1
-2.0e-1 7.4e-1 5.5759e-1 5.5759e-1
-1.6e-1 7.4e-1 5.9444e-1 5.9444e-1
-1.2e-1 7.4e-1 6.3132e-1 6.3132e-1
-8.0e-2 7.4e-1 6.6797e-1 6.6797e-1
-4.0e-2 7.4e-1 7.0432e-1 7.0432e-1
0.0e0 7.4e-1 7.4e-1 7.4e-1

-2.0e0 7.6e-1 1.23969e-3 1.23969e-3
-1.96e0 7.6e-1 1.48154e-3 1.48154e-3
-1.92e0 7.6e-1 1.7697e-3 1.7697e-3
-1.88e0 7.6e-1 2.1127e-3 2.1127e-3
-1.84e0 7.6e-1 2.5206e-3 2.5206e-3
-1.8e0 7.6e-1 3.0049e-3 3.0049e-3
-1.76e0 7.6e-1 3.5796e-3 3.5796e-3
-1.72e0 7.6e-1 4.2606e-3 4.2606e-3
-1.68e0 7.6e-1 5.0667e-3 5.0667e-3
-1.64e0 7.6e-1 6.0191e-3 6.0191e-3
-1.6e0 7.6e-1 7.1431e-3 7.1431e-3
-1.56e0 7.6e-1 8.4671e-3 8.4671e-3
-1.52e0 7.6e-1 1.0024e-2 1.0024e-2
-1.48e0 7.6e-1 1.18509e-2 1.18509e-2
-1.44e0 7.6e-1 1.3991e-2 1.3991e-2
-1.4e0 7.6e-1 1.649e-2 1.649e-2
-1.36e0 7.6e-1 1.9405e-2 1.9405e-2
-1.32e0 7.6e-1 2.2792e-2 2.2792e-2
-1.28e0 7.6e-1 2.672e-2 2.672e-2
-1.24e0 7.6e-1 3.1259e-2 3.1259e-2
-1.2e0 7.6e-1 3.649e-2 3.649e-2
-1.16e0 7.6e-1 4.2493e-2 4.2493e-2
-1.12e0 7.6e-1 4.936e-2 4.936e-2
-1.08e0 7.6e-1 5.7188e-2 5.7188e-2
-1.04e0 7.6e-1 6.607e-2 6.607e-2
-1.0e0 7.6e-1 7.611e-2 7.611e-2
-9.6e-1 7.6e-1 8.7368e-2 8.7368e-2
-9.2e-1 7.6e-1 1.00034e-1 1.00034e-1
-8.8e-1 7.6e-1 1.14116e-1 1.14116e-1
-8.4e-1 7.6e-1 1.29713e-1 1.29713e-1
-8.0e-1 7.6e-1 1.4686e-1 1.4686e-1
-7.6e-1 7.6e-1 1.6574e-1 1.6574e-1
-7.2e-1 7.6e-1 1.86333e-1 1.86333e-1
-6.8e-1 7.6e-1 2.08621e-1 2.08621e-1
-6.4e-1 7.6e-1 2.32545e-1 2.32545e-1
-6.0e-1 7.6e-1 2.58328e-1 2.58328e-1
-5.6e-1 7.6e-1 2.85612e-1 2.85612e-1
-5.2e-1 7.6e-1 3.1449e-1 3.1449e-1
-4.8e-1 7.6e-1 3.44785e-1 3.44785e-1
-4.4e-1 7.6e-1 3.7637e-1 3.7637e-1
-4.0e-1 7.6e-1 4.0927e-1 4.0927e-1
-3.6e-1 7.6e-1 4.4307e-1 4.4307e-1
-3.2e-1 7.6e-1 4.7769e-1 4.7769e-1
-2.8e-1 7.6e-1 5.1295e-1 5.1295e-1
-2.4e-1 7.6e-1 5.486e-1 5.486e-1
-2.0e-1 7.6e-1 5.8446e-1 5.8446e-1
-1.6e-1 7.6e-1 6.2036e-1 6.2036e-1
-1.2e-1 7.6e-1 6.5607e-1 6.5607e-1
-8.0e-2 7.6e-1 6.9131e-1 6.9131e-1
-4.0e-2 7.6e-1 7.2607e-1 7.2607e-1
0.0e0 7.6e-1 7.59999e-1 7.59999e-1

-2.0e0 7.8e-1 1.5031e-3 1.5031e-3
-1.96e0 7.8e-1 1.79512e-3 1.79512e-3
-1.92e0 7.8e-1 2.1428e-3 2.1428e-3
-1.88e0 7.8e-1 2.5558e-3 2.5558e-3
-1.84e0 7.8e-1 3.0466e-3 3.0466e-3
-1.8e0 7.8e-1 3.6287e-3 3.6287e-3
-1.76e0 7.8e-1 4.3181e-3 4.3181e-3
-1.72e0 7.8e-1 5.1338e-3 5.1338e-3
-1.68e0 7.8e-1 6.0976e-3 6.0976e-3
-1.64e0 7.8e-1 7.2343e-3 7.2343e-3
-1.6e0 7.8e-1 8.5727e-3 8.5727e-3
-1.56e0 7.8e-1 1.01462e-2 1.01462e-2
-1.52e0 7.8e-1 1.19916e-2 1.19916e-2
-1.48e0 7.8e-1 1.41516e-2 1.41516e-2
-1.44e0 7.8e-1 1.6675e-2 1.6675e-2
-1.4e0 7.8e-1 1.9612e-2 1.9612e-2
-1.36e0 7.8e-1 2.3027e-2 2.3027e-2
-1.32e0 7.8e-1 2.6984e-2 2.6984e-2
-1.28e0 7.8e-1 3.1552e-2 3.1552e-2
-1.24e0 7.8e-1 3.681e-2 3.681e-2
-1.2e0 7.8e-1 4.2844e-2 4.2844e-2
-1.16e0 7.8e-1 4.9739e-2 4.9739e-2
-1.12e0 7.8e-1 5.759e-2 5.759e-2
-1.08e0 7.8e-1 6.6492e-2 6.6492e-2
-1.04e0 7.8e-1 7.654e-2 7.654e-2
-1.0e0 7.8e-1 8.7834e-2 8.7834e-2
-9.6e-1 7.8e-1 1.00426e-1 1.00426e-1
-9.2e-1 7.8e-1 1.145e-1 1.145e-1
-8.8e-1 7.8e-1 1.30058e-1 1.30058e-1
-8.4e-1 7.8e-1 1.4717e-1 1.4717e-1
-8.0e-1 7.8e-1 1.65852e-1 1.65852e-1
-7.6e-1 7.8e-1 1.86282e-1 1.86282e-1
-7.2e-1 7.8e-1 2.08403e-1 2.08403e-1
-6.8e-1 7.8e-1 2.32167e-1 2.32167e-1
-6.4e-1 7.8e-1 2.57484e-1 2.57484e-1
-6.0e-1 7.8e-1 2.8456e-1 2.8456e-1
-5.6e-1 7.8e-1 3.1299e-1 3.1299e-1
-5.2e-1 7.8e-1 3.42847e-1 3.42847e-1
-4.8e-1 7.8e-1 3.73926e-1 3.73926e-1
-4.4e-1 7.8e-1 4.0608e-1 4.0608e-1
-4.0e-1 7.8e-1 4.3932e-1 4.3932e-1
-3.6e-1 7.8e-1 4.7319e-1 4.7319e-1
-3.2e-1 7.8e-1 5.0763e-1 5.0763e-1
-2.8e-1 7.8e-1 5.4247e-1 5.4247e-1
-2.4e-1 7.8e-1 5.7742e-1 5.7742e-1
-2.0e-1 7.8e-1 6.1234e-1 6.1234e-1
-1.6e-1 7.8e-1 6.4705e-1 6.4705e-1
-1.2e-1 7.8e-1 6.8135e-1 6.8135e-1
-8.0e-2 7.8e-1 7.1501e-1 7.1501e-1
-4.0e-2 7.8e-1 7.48e-1 7.48e-1
0.0e0 7.8e-1 7.79999e-1 7.79999e-1

-2.0e0 8.0e-1 1.8491e-3 1.8491e-3
-1.96e0 8.0e-1 2.20657e-3 2.20657e-3
-1.92e0 8.0e-1 2.6314e-3 2.6314e-3
-1.88e0 8.0e-1 3.1358e-3 3.1358e-3
-1.84e0 8.0e-1 3.7341e-3 3.7341e-3
-1.8e0 8.0e-1 4.4424e-3 4.4424e-3
-1.76e0 8.0e-1 5.28e-3 5.28e-3
-1.72e0 8.0e-1 6.269e-3 6.269e-3
-1.68e0 8.0e-1 7.4352e-3 7.4352e-3
-1.64e0 8.0e-1 8.8075e-3 8.8075e-3
-1.6e0 8.0e-1 1.04193e-2 1.04193e-2
-1.56e0 8.0e-1 1.23093e-2 1.23093e-2
-1.52e0 8.0e-1 1.45197e-2 1.45197e-2
-1.48e0 8.0e-1 1.70987e-2 1.70987e-2
-1.44e0 8.0e-1 2.01e-2 2.01e-2
-1.4e0 8.0e-1 2.3587e-2 2.3587e-2
-1.36e0 8.0e-1 2.762e-2 2.762e-2
-1.32e0 8.0e-1 3.2275e-2 3.2275e-2
-1.28e0 8.0e-1 3.7627e-2 3.7627e-2
-1.24e0 8.0e-1 4.376e-2 4.376e-2
-1.2e0 8.0e-1 5.0763e-2 5.0763e-2
-1.16e0 8.0e-1 5.8725e-2 5.8725e-2
-1.12e0 8.0e-1 6.774e-2 6.774e-2
-1.08e0 8.0e-1 7.7902e-2 7.7902e-2
-1.04e0 8.0e-1 8.9305e-2 8.9305e-2
-1.0e0 8.0e-1 1.0204e-1 1.0204e-1
-9.6e-1 8.0e-1 1.16145e-1 1.16145e-1
-9.2e-1 8.0e-1 1.318e-1 1.318e-1
-8.8e-1 8.0e-1 1.4899e-1 1.4899e-1
-8.4e-1 8.0e-1 1.6776e-1 1.6776e-1
-8.0e-1 8.0e-1 1.88083e-1 1.88083e-1
-7.6e-1 8.0e-1 2.10141e-1 2.10141e-1
-7.2e-1 8.0e-1 2.33836e-1 2.33836e-1
-6.8e-1 8.0e-1 2.59084e-1 2.59084e-1
-6.4e-1 8.0e-1 2.85764e-1 2.85764e-1
-6.0e-1 8.0e-1 3.1406e-1 3.1406e-1
-5.6e-1 8.0e-1 3.43529e-1 3.43529e-1
-5.2e-1 8.0e-1 3.74217e-1 3.74217e-1
-4.8e-1 8.0e-1 4.05898e-1 4.05898e-1
-4.4e-1 8.0e-1 4.3842e-1 4.3842e-1
-4.0e-1 8.0e-1 4.7173e-1 4.7173e-1
-3.6e-1 8.0e-1 5.0543e-1 5.0543e-1
-3.2e-1 8.0e-1 5.3944e-1 5.3944e-1
-2.8e-1 8.0e-1 5.7356e-1 5.7356e-1
-2.4e-1 8.0e-1 6.0754e-1 6.0754e-1
-2.0e-1 8.0e-1 6.4125e-1 6.4125e-1
-1.6e-1 8.0e-1 6.7453e-1 6.7453e-1
-1.2e-1 8.0e-1 7.072e-1 7.072e-1
-8.0e-2 8.0e-1 7.3906e-1 7.3906e-1
-4.0e-2 8.0e-1 7.7008e-1 7.7008e-1
0.0e0 8.0e-1 8.0e-1 8.0e-1

-2.0e0 8.2e-1 2.31512e-3 2.31512e-3
-1.96e0 8.2e-1 2.75996e-3 2.75996e-3
-1.92e0 8.2e-1 3.288e-3 3.288e-3
-1.88e0 8.2e-1 3.9137e-3 3.9137e-3
-1.84e0 8.2e-1 4.6544e-3 4.6544e-3
-1.8e0 8.2e-1 5.5296e-3 5.5296e-3
-1.76e0 8.2e-1 6.5625e-3 6.5625e-3
-1.72e0 8.2e-1 7.7792e-3 7.7792e-3
-1.68e0 8.2e-1 9.2104e-3 9.2104e-3
-1.64e0 8.2e-1 1.08899e-2 1.08899e-2
-1.6e0 8.2e-1 1.28569e-2 1.28569e-2
-1.56e0 8.2e-1 1.51558e-2 1.51558e-2
-1.52e0 8.2e-1 1.78355e-2 1.78355e-2
-1.48e0 8.2e-1 2.09511e-2 2.09511e-2
-1.44e0 8.2e-1 2.4564e-2 2.4564e-2
-1.4e0 8.2e-1 2.874e-2 2.874e-2
-1.36e0 8.2e-1 3.3551e-2 3.3551e-2
-1.32e0 8.2e-1 3.9078e-2 3.9078e-2
-1.28e0 8.2e-1 4.5401e-2 4.5401e-2
-1.24e0 8.2e-1 5.2606e-2 5.2606e-2
-1.2e0 8.2e-1 6.0786e-2 6.0786e-2
-1.16e0 8.2e-1 7.0032e-2 7.0032e-2
-1.12e0 8.2e-1 8.0434e-2 8.0434e-2
-1.08e0 8.2e-1 9.2084e-2 9.2084e-2
-1.04e0 8.2e-1 1.05064e-1 1.05064e-1
-1.0e0 8.2e-1 1.19456e-1 1.19456e-1
-9.6e-1 8.2e-1 1.35277e-1 1.35277e-1
-9.2e-1 8.2e-1 1.5271e-1 1.5271e-1
-8.8e-1 8.2e-1 1.7168e-1 1.7168e-1
-8.4e-1 8.2e-1 1.9221e-1 1.9221e-1
-8.0e-1 8.2e-1 2.143e-1 2.143e-1
-7.6e-1 8.2e-1 2.38036e-1 2.38036e-1
-7.2e-1 8.2e-1 2.6332e-1 2.6332e-1
-6.8e-1 8.2e-1 2.90018e-1 2.90018e-1
-6.4e-1 8.2e-1 3.1798e-1 3.1798e-1
-6.0e-1 8.2e-1 3.47371e-1 3.47371e-1
-5.6e-1 8.2e-1 3.77705e-1 3.77705e-1
-5.2e-1 8.2e-1 4.09018e-1 4.09018e-1
-4.8e-1 8.2e-1 4.41058e-1 4.41058e-1
-4.4e-1 8.2e-1 4.7365e-1 4.7365e-1
-4.0e-1 8.2e-1 5.0677e-1 5.0677e-1
-3.6e-1 8.2e-1 5.4001e-1 5.4001e-1
-3.2e-1 8.2e-1 5.7326e-1 5.7326e-1
-2.8e-1 8.2e-1 6.0635e-1 6.0635e-1
-2.4e-1 8.2e-1 6.3907e-1 6.3907e-1
-2.0e-1 8.2e-1 6.7126e-1 6.7126e-1
-1.6e-1 8.2e-1 7.0285e-1 7.0285e-1
-1.2e-1 8.2e-1 7.3363e-1 7.3363e-1
-8.0e-2 8.2e-1 7.6346e-1 7.6346e-1
-4.0e-2 8.2e-1 7.9231e-1 7.9231e-1
0.0e0 8.2e-1 8.2e-1 8.2e-1

-2.0e0 8.4e-1 2.96207e-3 2.96207e-3
-1.96e0 8.4e-1 3.5269e-3 3.5269e-3
-1.92e0 8.4e-1 4.196e-3 4.196e-3
-1.88e0 8.4e-1 4.9875e-3 4.9875e-3
-1.84e0 8.4e-1 5.9222e-3 5.9222e-3
-1.8e0 8.4e-1 7.0241e-3 7.0241e-3
-1.76e0 8.4e-1 8.321e-3 8.321e-3
-1.72e0 8.4e-1 9.8445e-3 9.8445e-3
-1.68e0 8.4e-1 1.1631e-2 1.1631e-2
-1.64e0 8.4e-1 1.37206e-2 1.37206e-2
-1.6e0 8.4e-1 1.6159e-2 1.6159e-2
-1.56e0 8.4e-1 1.89983e-2 1.89983e-2
-1.52e0 8.4e-1 2.22942e-2 2.22942e-2
-1.48e0 8.4e-1 2.61093e-2 2.61093e-2
-1.44e0 8.4e-1 3.0511e-2 3.0511e-2
-1.4e0 8.4e-1 3.5576e-2 3.5576e-2
-1.36e0 8.4e-1 4.138e-2 4.138e-2
-1.32e0 8.4e-1 4.8009e-2 4.8009e-2
-1.28e0 8.4e-1 5.5545e-2 5.5545e-2
-1.24e0 8.4e-1 6.4082e-2 6.4082e-2
-1.2e0 8.4e-1 7.3708e-2 7.3708e-2
-1.16e0 8.4e-1 8.4508e-2 8.4508e-2
-1.12e0 8.4e-1 9.6573e-2 9.6573e-2
-1.08e0 8.4e-1 1.0998e-1 1.0998e-1
-1.04e0 8.4e-1 1.24797e-1 1.24797e-1
-1.0e0 8.4e-1 1.4109e-1 1.4109e-1
-9.6e-1 8.4e-1 1.5884e-1 1.5884e-1
-9.2e-1 8.4e-1 1.7824e-1 1.7824e-1
-8.8e-1 8.4e-1 1.9914e-1 1.9914e-1
-8.4e-1 8.4e-1 2.2157e-1 2.2157e-1
-8.0e-1 8.4e-1 2.4545e-1 2.4545e-1
-7.6e-1 8.4e-1 2.7089e-1 2.7089e-1
-7.2e-1 8.4e-1 2.97719e-1 2.97719e-1
-6.8e-1 8.4e-1 3.2577e-1 3.2577e-1
-6.4e-1 8.4e-1 3.54865e-1 3.54865e-1
-6.0e-1 8.4e-1 3.85146e-1 3.85146e-1
-5.6e-1 8.4e-1 4.161e-1 4.161e-1
-5.2e-1 8.4e-1 4.47745e-1 4.47745e-1
-4.8e-1 8.4e-1 4.7982e-1 4.7982e-1
-4.4e-1 8.4e-1 5.1215e-1 5.1215e-1
-4.0e-1 8.4e-1 5.4471e-1 5.4471e-1
-3.6e-1 8.4e-1 5.7709e-1 5.7709e-1
-3.2e-1 8.4e-1 6.0922e-1 6.0922e-1
-2.8e-1 8.4e-1 6.4093e-1 6.4093e-1
-2.4e-1 8.4e-1 6.7204e-1 6.7204e-1
-2.0e-1 8.4e-1 7.0242e-1 7.0242e-1
-1.6e-1 8.4e-1 7.3201e-1 7.3201e-1
-1.2e-1 8.4e-1 7.6065e-1 7.6065e-1
-8.0e-2 8.4e-1 7.8821e-1 7.8821e-1
-4.0e-2 8.4e-1 8.1471e-1 8.1471e-1
0.0e0 8.4e-1 8.4e-1 8.4e-1

-2.0e0 8.6e-1 3.89458e-3 3.89458e-3
-1.96e0 8.6e-1 4.6301e-3 4.6301e-3
-1.92e0 8.6e-1 5.4994e-3 5.4994e-3
-1.88e0 8.6e-1 6.525e-3 6.525e-3
-1.84e0 8.6e-1 7.7327e-3 7.7327e-3
-1.8e0 8.6e-1 9.1522e-3 9.1522e-3
-1.76e0 8.6e-1 1.08173e-2 1.08173e-2
-1.72e0 8.6e-1 1.27664e-2 1.27664e-2
-1.68e0 8.6e-1 1.50432e-2 1.50432e-2
-1.64e0 8.6e-1 1.76953e-2 1.76953e-2
-1.6e0 8.6e-1 2.07768e-2 2.07768e-2
-1.56e0 8.6e-1 2.43474e-2 2.43474e-2
-1.52e0 8.6e-1 2.84715e-2 2.84715e-2
-1.48e0 8.6e-1 3.32193e-2 3.32193e-2
-1.44e0 8.6e-1 3.8667e-2 3.8667e-2
-1.4e0 8.6e-1 4.4894e-2 4.4894e-2
-1.36e0 8.6e-1 5.1985e-2 5.1985e-2
-1.32e0 8.6e-1 6.0028e-2 6.0028e-2
-1.28e0 8.6e-1 6.9107e-2 6.9107e-2
-1.24e0 8.6e-1 7.9309e-2 7.9309e-2
-1.2e0 8.6e-1 9.0723e-2 9.0723e-2
-1.16e0 8.6e-1 1.03421e-1 1.03421e-1
-1.12e0 8.6e-1 1.17482e-1 1.17482e-1
-1.08e0 8.6e-1 1.32965e-1 1.32965e-1
-1.04e0 8.6e-1 1.49918e-1 1.49918e-1
-1.0e0 8.6e-1 1.68376e-1 1.68376e-1
-9.6e-1 8.6e-1 1.883e-1 1.883e-1
-9.2e-1 8.6e-1 2.0982e-1 2.0982e-1
-8.8e-1 8.6e-1 2.3279e-1 2.3279e-1
-8.4e-1 8.6e-1 2.5717e-1 2.5717e-1
-8.0e-1 8.6e-1 2.8285e-1 2.8285e-1
-7.6e-1 8.6e-1 3.0992e-1 3.0992e-1
-7.2e-1 8.6e-1 3.3815e-1 3.3815e-1
-6.8e-1 8.6e-1 3.67355e-1 3.67355e-1
-6.4e-1 8.6e-1 3.97322e-1 3.97322e-1
-6.0e-1 8.6e-1 4.28181e-1 4.28181e-1
-5.6e-1 8.6e-1 4.59393e-1 4.59393e-1
-5.2e-1 8.6e-1 4.90976e-1 4.90976e-1
-4.8e-1 8.6e-1 5.22668e-1 5.22668e-1
-4.4e-1 8.6e-1 5.543e-1 5.543e-1
-4.0e-1 8.6e-1 5.8586e-1 5.8586e-1
-3.6e-1 8.6e-1 6.1696e-1 6.1696e-1
-3.2e-1 8.6e-1 6.4752e-1 6.4752e-1
-2.8e-1 8.6e-1 6.7746e-1 6.7746e-1
-2.4e-1 8.6e-1 7.0656e-1 7.0656e-1
-2.0e-1 8.6e-1 7.3479e-1 7.3479e-1
-1.6e-1 8.6e-1 7.6205e-1 7.6205e-1
-1.2e-1 8.6e-1 7.8827e-1 7.8827e-1
-8.0e-2 8.6e-1 8.1332e-1 8.1332e-1
-4.0e-2 8.6e-1 8.3728e-1 8.3728e-1
0.0e0 8.6e-1 8.59999e-1 8.59999e-1

-2.0e0 8.8e-1 5.30457e-3 5.30457e-3
-1.96e0 8.8e-1 6.2938e-3 6.2938e-3
-1.92e0 8.8e-1 7.4593e-3 7.4593e-3
-1.88e0 8.8e-1 8.8293e-3 8.8293e-3
-1.84e0 8.8e-1 1.04373e-2 1.04373e-2
-1.8e0 8.8e-1 1.23193e-2 1.23193e-2
-1.76e0 8.8e-1 1.45181e-2 1.45181e-2
-1.72e0 8.8e-1 1.708e-2 1.708e-2
-1.68e0 8.8e-1 2.00575e-2 2.00575e-2
-1.64e0 8.8e-1 2.35078e-2 2.35078e-2
-1.6e0 8.8e-1 2.74944e-2 2.74944e-2
-1.56e0 8.8e-1 3.20854e-2 3.20854e-2
-1.52e0 8.8e-1 3.73541e-2 3.73541e-2
-1.48e0 8.8e-1 4.33783e-2 4.33783e-2
-1.44e0 8.8e-1 5.024e-2 5.024e-2
-1.4e0 8.8e-1 5.8023e-2 5.8023e-2
-1.36e0 8.8e-1 6.6815e-2 6.6815e-2
-1.32e0 8.8e-1 7.6701e-2 7.6701e-2
-1.28e0 8.8e-1 8.7761e-2 8.7761e-2
-1.24e0 8.8e-1 1.00073e-1 1.00073e-1
-1.2e0 8.8e-1 1.1371e-1 1.1371e-1
-1.16e0 8.8e-1 1.28732e-1 1.28732e-1
-1.12e0 8.8e-1 1.45187e-1 1.45187e-1
-1.08e0 8.8e-1 1.6311e-1 1.6311e-1
-1.04e0 8.8e-1 1.82515e-1 1.82515e-1
-1.0e0 8.8e-1 2.03403e-1 2.03403e-1
-9.6e-1 8.8e-1 2.2568e-1 2.2568e-1
-9.2e-1 8.8e-1 2.4947e-1 2.4947e-1
-8.8e-1 8.8e-1 2.7455e-1 2.7455e-1
-8.4e-1 8.8e-1 3.0086e-1 3.0086e-1
-8.0e-1 8.8e-1 3.2822e-1 3.2822e-1
-7.6e-1 8.8e-1 3.567e-1 3.567e-1
-7.2e-1 8.8e-1 3.8606e-1 3.8606e-1
-6.8e-1 8.8e-1 4.1606e-1 4.1606e-1
-6.4e-1 8.8e-1 4.46484e-1 4.46484e-1
-6.0e-1 8.8e-1 4.77454e-1 4.77454e-1
-5.6e-1 8.8e-1 5.08418e-1 5.08418e-1
-5.2e-1 8.8e-1 5.39404e-1 5.39404e-1
-4.8e-1 8.8e-1 5.70164e-1 5.70164e-1
-4.4e-1 8.8e-1 6.0054e-1 6.0054e-1
-4.0e-1 8.8e-1 6.3055e-1 6.3055e-1
-3.6e-1 8.8e-1 6.5982e-1 6.5982e-1
-3.2e-1 8.8e-1 6.8835e-1 6.8835e-1
-2.8e-1 8.8e-1 7.1603e-1 7.1603e-1
-2.4e-1 8.8e-1 7.4272e-1 7.4272e-1
-2.0e-1 8.8e-1 7.6839e-1 7.6839e-1
-1.6e-1 8.8e-1 7.9301e-1 7.9301e-1
-1.2e-1 8.8e-1 8.1651e-1 8.1651e-1
-8.0e-2 8.8e-1 8.3882e-1 8.3882e-1
-4.0e-2 8.8e-1 8.6002e-1 8.6002e-1
0.0e0 8.8e-1 8.79999e-1 8.79999e-1

-2.0e0 9.0e-1 7.5751e-3 7.5751e-3
-1.96e0 9.0e-1 8.9633e-3 8.9633e-3
-1.92e0 9.0e-1 1.05917e-2 1.05917e-2
-1.88e0 9.0e-1 1.24976e-2 1.24976e-2
-1.84e0 9.0e-1 1.47229e-2 1.47229e-2
-1.8e0 9.0e-1 1.73141e-2 1.73141e-2
-1.76e0 9.0e-1 2.03236e-2 2.03236e-2
-1.72e0 9.0e-1 2.38087e-2 2.38087e-2
-1.68e0 9.0e-1 2.78331e-2 2.78331e-2
-1.64e0 9.0e-1 3.24637e-2 3.24637e-2
-1.6e0 9.0e-1 3.77734e-2 3.77734e-2
-1.56e0 9.0e-1 4.38406e-2 4.38406e-2
-1.52e0 9.0e-1 5.07443e-2 5.07443e-2
-1.48e0 9.0e-1 5.85677e-2 5.85677e-2
-1.44e0 9.0e-1 6.7395e-2 6.7395e-2
-1.4e0 9.0e-1 7.7309e-2 7.7309e-2
-1.36e0 9.0e-1 8.839e-2 8.839e-2
-1.32e0 9.0e-1 1.00714e-1 1.00714e-1
-1.28e0 9.0e-1 1.14346e-1 1.14346e-1
-1.24e0 9.0e-1 1.29344e-1 1.29344e-1
-1.2e0 9.0e-1 1.45753e-1 1.45753e-1
-1.16e0 9.0e-1 1.636e-1 1.636e-1
-1.12e0 9.0e-1 1.82898e-1 1.82898e-1
-1.08e0 9.0e-1 2.03638e-1 2.03638e-1
-1.04e0 9.0e-1 2.2579e-1 2.2579e-1
-1.0e0 9.0e-1 2.49307e-1 2.49307e-1
-9.6e-1 9.0e-1 2.7403e-1 2.7403e-1
-9.2e-1 9.0e-1 3.0008e-1 3.0008e-1
-8.8e-1 9.0e-1 3.2715e-1 3.2715e-1
-8.4e-1 9.0e-1 3.5515e-1 3.5515e-1
-8.0e-1 9.0e-1 3.8387e-1 3.8387e-1
-7.6e-1 9.0e-1 4.1335e-1 4.1335e-1
-7.2e-1 9.0e-1 4.4333e-1 4.4333e-1
-6.8e-1 9.0e-1 4.7354e-1 4.7354e-1
-6.4e-1 9.0e-1 5.038e-1 5.038e-1
-6.0e-1 9.0e-1 5.34177e-1 5.34177e-1
-5.6e-1 9.0e-1 5.64189e-1 5.64189e-1
-5.2e-1 9.0e-1 5.9386e-1 5.9386e-1
-4.8e-1 9.0e-1 6.22974e-1 6.22974e-1
-4.4e-1 9.0e-1 6.5141e-1 6.5141e-1
-4.0e-1 9.0e-1 6.7918e-1 6.7918e-1
-3.6e-1 9.0e-1 7.0602e-1 7.0602e-1
-3.2e-1 9.0e-1 7.3192e-1 7.3192e-1
-2.8e-1 9.0e-1 7.568e-1 7.568e-1
-2.4e-1 9.0e-1 7.8061e-1 7.8061e-1
-2.0e-1 9.0e-1 8.0331e-1 8.0331e-1
-1.6e-1 9.0e-1 8.2492e-1 8.2492e-1
-1.2e-1 9.0e-1 8.454e-1 8.454e-1
-8.0e-2 9.0e-1 8.647e-1 8.647e-1
-4.0e-2 9.0e-1 8.8292e-1 8.8292e-1
0.0e0 9.0e-1 9.0e-1 9.0e-1

-2.0e0 9.2e-1 1.15627e-2 1.15627e-2
-1.96e0 9.2e-1 1.3629e-2 1.3629e-2
-1.92e0 9.2e-1 1.6035e-2 1.6035e-2
-1.88e0 9.2e-1 1.8835e-2 1.8835e-2
-1.84e0 9.2e-1 2.2081e-2 2.2081e-2
-1.8e0 9.2e-1 2.5832e-2 2.5832e-2
-1.76e0 9.2e-1 3.0153e-2 3.0153e-2
-1.72e0 9.2e-1 3.5114e-2 3.5114e-2
-1.68e0 9.2e-1 4.079e-2 4.079e-2
-1.64e0 9.2e-1 4.72575e-2 4.72575e-2
-1.6e0 9.2e-1 5.4597e-2 5.4597e-2
-1.56e0 9.2e-1 6.28915e-2 6.28915e-2
-1.52e0 9.2e-1 7.2221e-2 7.2221e-2
-1.48e0 9.2e-1 8.2664e-2 8.2664e-2
-1.44e0 9.2e-1 9.4301e-2 9.4301e-2
-1.4e0 9.2e-1 1.07195e-1 1.07195e-1
-1.36e0 9.2e-1 1.2141e-1 1.2141e-1
-1.32e0 9.2e-1 1.36992e-1 1.36992e-1
-1.28e0 9.2e-1 1.53973e-1 1.53973e-1
-1.24e0 9.2e-1 1.7237e-1 1.7237e-1
-1.2e0 9.2e-1 1.92184e-1 1.92184e-1
-1.16e0 9.2e-1 2.13391e-1 2.13391e-1
-1.12e0 9.2e-1 2.3595e-1 2.3595e-1
-1.08e0 9.2e-1 2.59792e-1 2.59792e-1
-1.04e0 9.2e-1 2.84836e-1 2.84836e-1
-1.0e0 9.2e-1 3.10979e-1 3.10979e-1
-9.6e-1 9.2e-1 3.3801e-1 3.3801e-1
-9.2e-1 9.2e-1 3.66e-1 3.66e-1
-8.8e-1 9.2e-1 3.9462e-1 3.9462e-1
-8.4e-1 9.2e-1 4.2372e-1 4.2372e-1
-8.0e-1 9.2e-1 4.531e-1 4.531e-1
-7.6e-1 9.2e-1 4.8277e-1 4.8277e-1
-7.2e-1 9.2e-1 5.1247e-1 5.1247e-1
-6.8e-1 9.2e-1 5.4196e-1 5.4196e-1
-6.4e-1 9.2e-1 5.7106e-1 5.7106e-1
-6.0e-1 9.2e-1 5.9987e-1 5.9987e-1
-5.6e-1 9.2e-1 6.27943e-1 6.27943e-1
-5.2e-1 9.2e-1 6.55334e-1 6.55334e-1
-4.8e-1 9.2e-1 6.8187e-1 6.8187e-1
-4.4e-1 9.2e-1 7.075e-1 7.075e-1
-4.0e-1 9.2e-1 7.3222e-1 7.3222e-1
-3.6e-1 9.2e-1 7.5587e-1 7.5587e-1
-3.2e-1 9.2e-1 7.7846e-1 7.7846e-1
-2.8e-1 9.2e-1 7.9997e-1 7.9997e-1
-2.4e-1 9.2e-1 8.2034e-1 8.2034e-1
-2.0e-1 9.2e-1 8.3961e-1 8.3961e-1
-1.6e-1 9.2e-1 8.5782e-1 8.5782e-1
-1.2e-1 9.2e-1 8.7492e-1 8.7492e-1
-8.0e-2 9.2e-1 8.9096e-1 8.9096e-1
-4.0e-2 9.2e-1 9.0599e-1 9.0599e-1
0.0e0 9.2e-1 9.2e-1 9.2e-1

-2.0e0 9.4e-1 1.95168e-2 1.95168e-2
-1.96e0 9.4e-1 2.286e-2 2.286e-2
-1.92e0 9.4e-1 2.6724e-2 2.6724e-2
-1.88e0 9.4e-1 3.1169e-2 3.1169e-2
-1.84e0 9.4e-1 3.6266e-2 3.6266e-2
-1.8e0 9.4e-1 4.2088e-2 4.2088e-2
-1.76e0 9.4e-1 4.8714e-2 4.8714e-2
-1.72e0 9.4e-1 5.6221e-2 5.6221e-2
-1.68e0 9.4e-1 6.4693e-2 6.4693e-2
-1.64e0 9.4e-1 7.4203e-2 7.4203e-2
-1.6e0 9.4e-1 8.4834e-2 8.4834e-2
-1.56e0 9.4e-1 9.6655e-2 9.6655e-2
-1.52e0 9.4e-1 1.0973e-1 1.0973e-1
-1.48e0 9.4e-1 1.2411e-1 1.2411e-1
-1.44e0 9.4e-1 1.3985e-1 1.3985e-1
-1.4e0 9.4e-1 1.5697e-1 1.5697e-1
-1.36e0 9.4e-1 1.75462e-1 1.75462e-1
-1.32e0 9.4e-1 1.9535e-1 1.9535e-1
-1.28e0 9.4e-1 2.16583e-1 2.16583e-1
-1.24e0 9.4e-1 2.39117e-1 2.39117e-1
-1.2e0 9.4e-1 2.62885e-1 2.62885e-1
-1.16e0 9.4e-1 2.8779e-1 2.8779e-1
-1.12e0 9.4e-1 3.13725e-1 3.13725e-1
-1.08e0 9.4e-1 3.4056e-1 3.4056e-1
-1.04e0 9.4e-1 3.68153e-1 3.68153e-1
-1.0e0 9.4e-1 3.96356e-1 3.96356e-1
-9.6e-1 9.4e-1 4.2493e-1 4.2493e-1
-9.2e-1 9.4e-1 4.5389e-1 4.5389e-1
-8.8e-1 9.4e-1 4.8293e-1 4.8293e-1
-8.4e-1 9.4e-1 5.1187e-1 5.1187e-1
-8.0e-1 9.4e-1 5.4054e-1 5.4054e-1
-7.6e-1 9.4e-1 5.6897e-1 5.6897e-1
-7.2e-1 9.4e-1 5.9691e-1 5.9691e-1
-6.8e-1 9.4e-1 6.242e-1 6.242e-1
-6.4e-1 9.4e-1 6.5067e-1 6.5067e-1
-6.0e-1 9.4e-1 6.7647e-1 6.7647e-1
-5.6e-1 9.4e-1 7.01218e-1 7.01218e-1
-5.2e-1 9.4e-1 7.25034e-1 7.25034e-1
-4.8e-1 9.4e-1 7.4779e-1 7.4779e-1
-4.4e-1 9.4e-1 7.6949e-1 7.6949e-1
-4.0e-1 9.4e-1 7.9019e-1 7.9019e-1
-3.6e-1 9.4e-1 8.0975e-1 8.0975e-1
-3.2e-1 9.4e-1 8.2823e-1 8.2823e-1
-2.8e-1 9.4e-1 8.4566e-1 8.4566e-1
-2.4e-1 9.4e-1 8.6201e-1 8.6201e-1
-2.0e-1 9.4e-1 8.7737e-1 8.7737e-1
-1.6e-1 9.4e-1 8.9172e-1 8.9172e-1
-1.2e-1 9.4e-1 9.0514e-1 9.0514e-1
-8.0e-2 9.4e-1 9.1762e-1 9.1762e-1
-4.0e-2 9.4e-1 9.2924e-1 9.2924e-1
0.0e0 9.4e-1 9.4e-1 9.4e-1

-2.0e0 9.6e-1 3.90219e-2 3.90219e-2
-1.96e0 9.6e-1 4.5207e-2 4.5207e-2
-1.92e0 9.6e-1 5.2231e-2 5.2231e-2
-1.88e0 9.6e-1 6.0167e-2 6.0167e-2
-1.84e0 9.6e-1 6.9098e-2 6.9098e-2
-1.8e0 9.6e-1 7.9092e-2 7.9092e-2
-1.76e0 9.6e-1 9.023e-2 9.023e-2
-1.72e0 9.6e-1 1.02571e-1 1.02571e-1
-1.68e0 9.6e-1 1.16177e-1 1.16177e-1
-1.64e0 9.6e-1 1.31093e-1 1.31093e-1
-1.6e0 9.6e-1 1.47348e-1 1.47348e-1
-1.56e0 9.6e-1 1.64964e-1 1.64964e-1
-1.52e0 9.6e-1 1.83936e-1 1.83936e-1
-1.48e0 9.6e-1 2.0424e-1 2.0424e-1
-1.44e0 9.6e-1 2.2585e-1 2.2585e-1
-1.4e0 9.6e-1 2.4867e-1 2.4867e-1
-1.36e0 9.6e-1 2.7266e-1 2.7266e-1
-1.32e0 9.6e-1 2.977e-1 2.977e-1
-1.28e0 9.6e-1 3.2367e-1 3.2367e-1
-1.24e0 9.6e-1 3.5043e-1 3.5043e-1
-1.2e0 9.6e-1 3.77843e-1 3.77843e-1
-1.16e0 9.6e-1 4.05745e-1 4.05745e-1
-1.12e0 9.6e-1 4.33978e-1 4.33978e-1
-1.08e0 9.6e-1 4.62375e-1 4.62375e-1
-1.04e0 9.6e-1 4.90778e-1 4.90778e-1
-1.0e0 9.6e-1 5.1903e-1 5.1903e-1
-9.6e-1 9.6e-1 5.469e-1 5.469e-1
-9.2e-1 9.6e-1 5.7446e-1 5.7446e-1
-8.8e-1 9.6e-1 6.014e-1 6.014e-1
-8.4e-1 9.6e-1 6.2762e-1 6.2762e-1
-8.0e-1 9.6e-1 6.5302e-1 6.5302e-1
-7.6e-1 9.6e-1 6.7766e-1 6.7766e-1
-7.2e-1 9.6e-1 7.0137e-1 7.0137e-1
-6.8e-1 9.6e-1 7.2408e-1 7.2408e-1
-6.4e-1 9.6e-1 7.457e-1 7.457e-1
-6.0e-1 9.6e-1 7.6639e-1 7.6639e-1
-5.6e-1 9.6e-1 7.8593e-1 7.8593e-1
-5.2e-1 9.6e-1 8.0443e-1 8.0443e-1
-4.8e-1 9.6e-1 8.2185e-1 8.2185e-1
-4.4e-1 9.6e-1 8.3824e-1 8.3824e-1
-4.0e-1 9.6e-1 8.5365e-1 8.5365e-1
-3.6e-1 9.6e-1 8.6807e-1 8.6807e-1
-3.2e-1 9.6e-1 8.8153e-1 8.8153e-1
-2.8e-1 9.6e-1 8.9409e-1 8.9409e-1
-2.4e-1 9.6e-1 9.0578e-1 9.0578e-1
-2.0e-1 9.6e-1 9.1663e-1 9.1663e-1
-1.6e-1 9.6e-1 9.267e-1 9.267e-1
-1.2e-1 9.6e-1 9.3604e-1 9.3604e-1
-8.0e-2 9.6e-1 9.4467e-1 9.4467e-1
-4.0e-2 9.6e-1 9.5265e-1 9.5265e-1
0.0e0 9.6e-1 9.59999e-1 9.59999e-1

-2.0e0 9.8e-1 1.10355e-1 1.10355e-1
-1.96e0 9.8e-1 1.2463e-1 1.2463e-1
-1.92e0 9.8e-1 1.40227e-1 1.40227e-1
-1.88e0 9.8e-1 1.5715e-1 1.5715e-1
-1.84e0 9.8e-1 1.75404e-1 1.75404e-1
-1.8e0 9.8e-1 1.94974e-1 1.94974e-1
-1.76e0 9.8e-1 2.1582e-1 2.1582e-1
-1.72e0 9.8e-1 2.37894e-1 2.37894e-1
-1.68e0 9.8e-1 2.61119e-1 2.61119e-1
-1.64e0 9.8e-1 2.85394e-1 2.85394e-1
-1.6e0 9.8e-1 3.10616e-1 3.10616e-1
-1.56e0 9.8e-1 3.36649e-1 3.36649e-1
-1.52e0 9.8e-1 3.63354e-1 3.63354e-1
-1.48e0 9.8e-1 3.9058e-1 3.9058e-1
-1.44e0 9.8e-1 4.1817e-1 4.1817e-1
-1.4e0 9.8e-1 4.4597e-1 4.4597e-1
-1.36e0 9.8e-1 4.738e-1 4.738e-1
-1.32e0 9.8e-1 5.0153e-1 5.0153e-1
-1.28e0 9.8e-1 5.2899e-1 5.2899e-1
-1.24e0 9.8e-1 5.5605e-1 5.5605e-1
-1.2e0 9.8e-1 5.8258e-1 5.8258e-1
-1.16e0 9.8e-1 6.0847e-1 6.0847e-1
-1.12e0 9.8e-1 6.3362e-1 6.3362e-1
-1.08e0 9.8e-1 6.5793e-1 6.5793e-1
-1.04e0 9.8e-1 6.8135e-1 6.8135e-1
-1.0e0 9.8e-1 7.03821e-1 7.03821e-1
-9.6e-1 9.8e-1 7.2523e-1 7.2523e-1
-9.2e-1 9.8e-1 7.4573e-1 7.4573e-1
-8.8e-1 9.8e-1 7.6515e-1 7.6515e-1
-8.4e-1 9.8e-1 7.8351e-1 7.8351e-1
-8.0e-1 9.8e-1 8.0081e-1 8.0081e-1
-7.6e-1 9.8e-1 8.1717e-1 8.1717e-1
-7.2e-1 9.8e-1 8.3252e-1 8.3252e-1
-6.8e-1 9.8e-1 8.469e-1 8.469e-1
-6.4e-1 9.8e-1 8.6028e-1 8.6028e-1
-6.0e-1 9.8e-1 8.7285e-1 8.7285e-1
-5.6e-1 9.8e-1 8.8449e-1 8.8449e-1
-5.2e-1 9.8e-1 8.9534e-1 8.9534e-1
-4.8e-1 9.8e-1 9.0538e-1 9.0538e-1
-4.4e-1 9.8e-1 9.1467e-1 9.1467e-1
-4.0e-1 9.8e-1 9.2332e-1 9.2332e-1
-3.6e-1 9.8e-1 9.313e-1 9.313e-1
-3.2e-1 9.8e-1 9.3866e-1 9.3866e-1
-2.8e-1 9.8e-1 9.4547e-1 9.4547e-1
-2.4e-1 9.8e-1 9.5172e-1 9.5172e-1
-2.0e-1 9.8e-1 9.5747e-1 9.5747e-1
-1.6e-1 9.8e-1 9.6278e-1 9.6278e-1
-1.2e-1 9.8e-1 9.6765e-1 9.6765e-1
-8.0e-2 9.8e-1 9.7212e-1 9.7212e-1
-4.0e-2 9.8e-1 9.7624e-1 9.7624e-1
0.0e0 9.8e-1 9.79999e-1 9.79999e-1

-2.0e0 1.0e0 1.0e0 1.0e0
-1.96e0 1.0e0 1.0e0 1.0e0
-1.92e0 1.0e0 1.0e0 1.0e0
-1.88e0 1.0e0 1.00002e0 1.00002e0
-1.84e0 1.0e0 1.00002e0 1.00002e0
-1.8e0 1.0e0 1.00002e0 1.00002e0
-1.76e0 1.0e0 1.0e0 1.0e0
-1.72e0 1.0e0 1.00002e0 1.00002e0
-1.68e0 1.0e0 1.00002e0 1.00002e0
-1.64e0 1.0e0 1.0e0 1.0e0
-1.6e0 1.0e0 1.0e0 1.0e0
-1.56e0 1.0e0 1.0e0 1.0e0
-1.52e0 1.0e0 1.0e0 1.0e0
-1.48e0 1.0e0 1.0e0 1.0e0
-1.44e0 1.0e0 1.0e0 1.0e0
-1.4e0 1.0e0 1.0e0 1.0e0
-1.36e0 1.0e0 1.0e0 1.0e0
-1.32e0 1.0e0 1.0e0 1.0e0
-1.28e0 1.0e0 1.0e0 1.0e0
-1.24e0 1.0e0 1.0e0 1.0e0
-1.2e0 1.0e0 1.0e0 1.0e0
-1.16e0 1.0e0 1.0e0 1.0e0
-1.12e0 1.0e0 1.0e0 1.0e0
-1.08e0 1.0e0 1.0e0 1.0e0
-1.04e0 1.0e0 1.0e0 1.0e0
-1.0e0 1.0e0 1.0e0 1.0e0
-9.6e-1 1.0e0 1.0e0 1.0e0
-9.2e-1 1.0e0 1.0e0 1.0e0
-8.8e-1 1.0e0 1.0e0 1.0e0
-8.4e-1 1.0e0 1.0e0 1.0e0
-8.0e-1 1.0e0 1.0e0 1.0e0
-7.6e-1 1.0e0 1.0e0 1.0e0
-7.2e-1 1.0e0 1.0e0 1.0e0
-6.8e-1 1.0e0 1.0e0 1.0e0
-6.4e-1 1.0e0 1.0e0 1.0e0
-6.0e-1 1.0e0 1.0e0 1.0e0
-5.6e-1 1.0e0 1.0e0 1.0e0
-5.2e-1 1.0e0 1.0e0 1.0e0
-4.8e-1 1.0e0 1.0e0 1.0e0
-4.4e-1 1.0e0 1.0e0 1.0e0
-4.0e-1 1.0e0 1.0e0 1.0e0
-3.6e-1 1.0e0 1.0e0 1.0e0
-3.2e-1 1.0e0 1.0e0 1.0e0
-2.8e-1 1.0e0 1.0e0 1.0e0
-2.4e-1 1.0e0 1.0e0 1.0e0
-2.0e-1 1.0e0 1.0e0 1.0e0
-1.6e-1 1.0e0 1.0e0 1.0e0
-1.2e-1 1.0e0 1.0e0 1.0e0
-8.0e-2 1.0e0 1.0e0 1.0e0
-4.0e-2 1.0e0 1.0e0 1.0e0
0.0e0 1.0e0 1.0e0 1.0e0
